0.000000 0.000000
0.012500 0.039232
0.025000 0.078404
0.037500 0.117455
0.050000 0.156325
0.062500 0.194954
0.075000 0.233282
0.087500 0.271250
0.100000 0.308800
0.112500 0.345875
0.125000 0.382415
0.137500 0.418366
0.150000 0.453672
0.162500 0.488279
0.175000 0.522132
0.187500 0.555181
0.200000 0.587373
0.212500 0.618660
0.225000 0.648993
0.237500 0.678325
0.250000 0.706611
0.262500 0.733808
0.275000 0.759873
0.287500 0.784767
0.300000 0.808450
0.312500 0.830887
0.325000 0.852043
0.337500 0.871885
0.350000 0.890382
0.362500 0.907507
0.375000 0.923232
0.387500 0.937534
0.400000 0.950390
0.412500 0.961781
0.425000 0.971689
0.437500 0.980098
0.450000 0.986996
0.462500 0.992373
0.475000 0.996219
0.487500 0.998529
0.500000 0.999299
0.512500 0.998529
0.525000 0.996219
0.537500 0.992373
0.550000 0.986996
0.562500 0.980098
0.575000 0.971689
0.587500 0.961781
0.600000 0.950390
0.612500 0.937534
0.625000 0.923232
0.637500 0.907507
0.650000 0.890382
0.662500 0.871885
0.675000 0.852043
0.687500 0.830887
0.700000 0.808450
0.712500 0.784767
0.725000 0.759873
0.737500 0.733808
0.750000 0.706611
0.762500 0.678325
0.775000 0.648993
0.787500 0.618660
0.800000 0.587373
0.812500 0.555181
0.825000 0.522132
0.837500 0.488279
0.850000 0.453672
0.862500 0.418366
0.875000 0.382415
0.887500 0.345875
0.900000 0.308800
0.912500 0.271250
0.925000 0.233282
0.937500 0.194954
0.950000 0.156325
0.962500 0.117455
0.975000 0.078404
0.987500 0.039232
1.000000 0.000000
0.000000 0.000000
0.012500 0.027633
0.025000 0.055224
0.037500 0.082729
0.050000 0.110107
0.062500 0.137315
0.075000 0.164311
0.087500 0.191054
0.100000 0.217503
0.112500 0.243616
0.125000 0.269353
0.137500 0.294675
0.150000 0.319543
0.162500 0.343918
0.175000 0.367763
0.187500 0.391040
0.200000 0.413715
0.212500 0.435752
0.225000 0.457117
0.237500 0.477777
0.250000 0.497700
0.262500 0.516856
0.275000 0.535215
0.287500 0.552749
0.300000 0.569430
0.312500 0.585233
0.325000 0.600134
0.337500 0.614110
0.350000 0.627139
0.362500 0.639200
0.375000 0.650276
0.387500 0.660350
0.400000 0.669405
0.412500 0.677428
0.425000 0.684407
0.437500 0.690330
0.450000 0.695189
0.462500 0.698975
0.475000 0.701684
0.487500 0.703312
0.500000 0.703854
0.512500 0.703312
0.525000 0.701684
0.537500 0.698975
0.550000 0.695189
0.562500 0.690330
0.575000 0.684407
0.587500 0.677428
0.600000 0.669405
0.612500 0.660350
0.625000 0.650276
0.637500 0.639200
0.650000 0.627139
0.662500 0.614110
0.675000 0.600134
0.687500 0.585233
0.700000 0.569430
0.712500 0.552749
0.725000 0.535215
0.737500 0.516856
0.750000 0.497700
0.762500 0.477777
0.775000 0.457117
0.787500 0.435752
0.800000 0.413715
0.812500 0.391040
0.825000 0.367763
0.837500 0.343918
0.850000 0.319543
0.862500 0.294675
0.875000 0.269353
0.887500 0.243616
0.900000 0.217503
0.912500 0.191054
0.925000 0.164311
0.937500 0.137315
0.950000 0.110107
0.962500 0.082729
0.975000 0.055224
0.987500 0.027633
1.000000 0.000000
0.000000 0.000000
0.012500 0.019463
0.025000 0.038897
0.037500 0.058270
0.050000 0.077554
0.062500 0.096718
0.075000 0.115732
0.087500 0.134569
0.100000 0.153198
0.112500 0.171590
0.125000 0.189718
0.137500 0.207554
0.150000 0.225069
0.162500 0.242238
0.175000 0.259033
0.187500 0.275428
0.200000 0.291399
0.212500 0.306921
0.225000 0.321969
0.237500 0.336521
0.250000 0.350554
0.262500 0.364046
0.275000 0.376977
0.287500 0.389327
0.300000 0.401077
0.312500 0.412208
0.325000 0.422703
0.337500 0.432547
0.350000 0.441724
0.362500 0.450219
0.375000 0.458021
0.387500 0.465116
0.400000 0.471494
0.412500 0.477145
0.425000 0.482060
0.437500 0.486232
0.450000 0.489654
0.462500 0.492322
0.475000 0.494230
0.487500 0.495376
0.500000 0.495758
0.512500 0.495376
0.525000 0.494230
0.537500 0.492322
0.550000 0.489654
0.562500 0.486232
0.575000 0.482060
0.587500 0.477145
0.600000 0.471494
0.612500 0.465116
0.625000 0.458021
0.637500 0.450219
0.650000 0.441724
0.662500 0.432547
0.675000 0.422703
0.687500 0.412208
0.700000 0.401077
0.712500 0.389327
0.725000 0.376977
0.737500 0.364046
0.750000 0.350554
0.762500 0.336521
0.775000 0.321969
0.787500 0.306921
0.800000 0.291399
0.812500 0.275428
0.825000 0.259033
0.837500 0.242238
0.850000 0.225069
0.862500 0.207554
0.875000 0.189718
0.887500 0.171590
0.900000 0.153198
0.912500 0.134569
0.925000 0.115732
0.937500 0.096718
0.950000 0.077554
0.962500 0.058270
0.975000 0.038897
0.987500 0.019463
1.000000 0.000000
0.000000 0.000000
0.012500 0.013709
0.025000 0.027397
0.037500 0.041042
0.050000 0.054625
0.062500 0.068123
0.075000 0.081516
0.087500 0.094783
0.100000 0.107904
0.112500 0.120859
0.125000 0.133628
0.137500 0.146190
0.150000 0.158527
0.162500 0.170620
0.175000 0.182449
0.187500 0.193997
0.200000 0.205246
0.212500 0.216179
0.225000 0.226778
0.237500 0.237028
0.250000 0.246912
0.262500 0.256415
0.275000 0.265523
0.287500 0.274222
0.300000 0.282497
0.312500 0.290338
0.325000 0.297730
0.337500 0.304663
0.350000 0.311127
0.362500 0.317111
0.375000 0.322606
0.387500 0.327603
0.400000 0.332096
0.412500 0.336076
0.425000 0.339538
0.437500 0.342477
0.450000 0.344887
0.462500 0.346766
0.475000 0.348110
0.487500 0.348917
0.500000 0.349186
0.512500 0.348917
0.525000 0.348110
0.537500 0.346766
0.550000 0.344887
0.562500 0.342477
0.575000 0.339538
0.587500 0.336076
0.600000 0.332096
0.612500 0.327603
0.625000 0.322606
0.637500 0.317111
0.650000 0.311127
0.662500 0.304663
0.675000 0.297730
0.687500 0.290338
0.700000 0.282497
0.712500 0.274222
0.725000 0.265523
0.737500 0.256415
0.750000 0.246912
0.762500 0.237028
0.775000 0.226778
0.787500 0.216179
0.800000 0.205246
0.812500 0.193997
0.825000 0.182449
0.837500 0.170620
0.850000 0.158527
0.862500 0.146190
0.875000 0.133628
0.887500 0.120859
0.900000 0.107904
0.912500 0.094783
0.925000 0.081516
0.937500 0.068123
0.950000 0.054625
0.962500 0.041042
0.975000 0.027397
0.987500 0.013709
1.000000 0.000000
0.000000 0.000000
0.012500 0.009656
0.025000 0.019297
0.037500 0.028908
0.050000 0.038475
0.062500 0.047982
0.075000 0.057416
0.087500 0.066760
0.100000 0.076002
0.112500 0.085127
0.125000 0.094120
0.137500 0.102969
0.150000 0.111658
0.162500 0.120176
0.175000 0.128508
0.187500 0.136642
0.200000 0.144565
0.212500 0.152265
0.225000 0.159731
0.237500 0.166950
0.250000 0.173912
0.262500 0.180605
0.275000 0.187021
0.287500 0.193147
0.300000 0.198976
0.312500 0.204499
0.325000 0.209706
0.337500 0.214589
0.350000 0.219142
0.362500 0.223356
0.375000 0.227227
0.387500 0.230747
0.400000 0.233911
0.412500 0.236714
0.425000 0.239153
0.437500 0.241223
0.450000 0.242920
0.462500 0.244244
0.475000 0.245190
0.487500 0.245759
0.500000 0.245948
0.512500 0.245759
0.525000 0.245190
0.537500 0.244244
0.550000 0.242920
0.562500 0.241223
0.575000 0.239153
0.587500 0.236714
0.600000 0.233911
0.612500 0.230747
0.625000 0.227227
0.637500 0.223356
0.650000 0.219142
0.662500 0.214589
0.675000 0.209706
0.687500 0.204499
0.700000 0.198976
0.712500 0.193147
0.725000 0.187021
0.737500 0.180605
0.750000 0.173912
0.762500 0.166950
0.775000 0.159731
0.787500 0.152265
0.800000 0.144565
0.812500 0.136642
0.825000 0.128508
0.837500 0.120176
0.850000 0.111658
0.862500 0.102969
0.875000 0.094120
0.887500 0.085127
0.900000 0.076002
0.912500 0.066760
0.925000 0.057416
0.937500 0.047982
0.950000 0.038475
0.962500 0.028908
0.975000 0.019297
0.987500 0.009656
1.000000 0.000000
0.000000 0.000000
0.012500 0.006801
0.025000 0.013592
0.037500 0.020361
0.050000 0.027100
0.062500 0.033796
0.075000 0.040440
0.087500 0.047023
0.100000 0.053532
0.112500 0.059959
0.125000 0.066293
0.137500 0.072526
0.150000 0.078646
0.162500 0.084645
0.175000 0.090514
0.187500 0.096243
0.200000 0.101824
0.212500 0.107248
0.225000 0.112506
0.237500 0.117591
0.250000 0.122494
0.262500 0.127209
0.275000 0.131728
0.287500 0.136043
0.300000 0.140149
0.312500 0.144038
0.325000 0.147706
0.337500 0.151145
0.350000 0.154352
0.362500 0.157321
0.375000 0.160047
0.387500 0.162526
0.400000 0.164755
0.412500 0.166729
0.425000 0.168447
0.437500 0.169905
0.450000 0.171100
0.462500 0.172032
0.475000 0.172699
0.487500 0.173100
0.500000 0.173233
0.512500 0.173100
0.525000 0.172699
0.537500 0.172032
0.550000 0.171100
0.562500 0.169905
0.575000 0.168447
0.587500 0.166729
0.600000 0.164755
0.612500 0.162526
0.625000 0.160047
0.637500 0.157321
0.650000 0.154352
0.662500 0.151145
0.675000 0.147706
0.687500 0.144038
0.700000 0.140149
0.712500 0.136043
0.725000 0.131728
0.737500 0.127209
0.750000 0.122494
0.762500 0.117591
0.775000 0.112506
0.787500 0.107248
0.800000 0.101824
0.812500 0.096243
0.825000 0.090514
0.837500 0.084645
0.850000 0.078646
0.862500 0.072526
0.875000 0.066293
0.887500 0.059959
0.900000 0.053532
0.912500 0.047023
0.925000 0.040440
0.937500 0.033796
0.950000 0.027100
0.962500 0.020361
0.975000 0.013592
0.987500 0.006801
1.000000 0.000000
0.000000 0.000000
0.012500 0.004790
0.025000 0.009573
0.037500 0.014341
0.050000 0.019088
0.062500 0.023804
0.075000 0.028484
0.087500 0.033120
0.100000 0.037705
0.112500 0.042232
0.125000 0.046694
0.137500 0.051083
0.150000 0.055394
0.162500 0.059620
0.175000 0.063753
0.187500 0.067789
0.200000 0.071719
0.212500 0.075540
0.225000 0.079243
0.237500 0.082825
0.250000 0.086279
0.262500 0.089599
0.275000 0.092782
0.287500 0.095822
0.300000 0.098713
0.312500 0.101453
0.325000 0.104036
0.337500 0.106459
0.350000 0.108717
0.362500 0.110808
0.375000 0.112728
0.387500 0.114475
0.400000 0.116045
0.412500 0.117435
0.425000 0.118645
0.437500 0.119672
0.450000 0.120514
0.462500 0.121171
0.475000 0.121640
0.487500 0.121922
0.500000 0.122016
0.512500 0.121922
0.525000 0.121640
0.537500 0.121171
0.550000 0.120514
0.562500 0.119672
0.575000 0.118645
0.587500 0.117435
0.600000 0.116045
0.612500 0.114475
0.625000 0.112728
0.637500 0.110808
0.650000 0.108717
0.662500 0.106459
0.675000 0.104036
0.687500 0.101453
0.700000 0.098713
0.712500 0.095822
0.725000 0.092782
0.737500 0.089599
0.750000 0.086279
0.762500 0.082825
0.775000 0.079243
0.787500 0.075540
0.800000 0.071719
0.812500 0.067789
0.825000 0.063753
0.837500 0.059620
0.850000 0.055394
0.862500 0.051083
0.875000 0.046694
0.887500 0.042232
0.900000 0.037705
0.912500 0.033120
0.925000 0.028484
0.937500 0.023804
0.950000 0.019088
0.962500 0.014341
0.975000 0.009573
0.987500 0.004790
1.000000 0.000000
0.000000 0.000000
0.012500 0.003374
0.025000 0.006743
0.037500 0.010101
0.050000 0.013444
0.062500 0.016766
0.075000 0.020063
0.087500 0.023328
0.100000 0.026558
0.112500 0.029746
0.125000 0.032889
0.137500 0.035980
0.150000 0.039017
0.162500 0.041993
0.175000 0.044905
0.187500 0.047747
0.200000 0.050515
0.212500 0.053206
0.225000 0.055815
0.237500 0.058337
0.250000 0.060770
0.262500 0.063109
0.275000 0.065351
0.287500 0.067492
0.300000 0.069529
0.312500 0.071458
0.325000 0.073278
0.337500 0.074984
0.350000 0.076575
0.362500 0.078048
0.375000 0.079400
0.387500 0.080630
0.400000 0.081736
0.412500 0.082715
0.425000 0.083567
0.437500 0.084291
0.450000 0.084884
0.462500 0.085346
0.475000 0.085677
0.487500 0.085876
0.500000 0.085942
0.512500 0.085876
0.525000 0.085677
0.537500 0.085346
0.550000 0.084884
0.562500 0.084291
0.575000 0.083567
0.587500 0.082715
0.600000 0.081736
0.612500 0.080630
0.625000 0.079400
0.637500 0.078048
0.650000 0.076575
0.662500 0.074984
0.675000 0.073278
0.687500 0.071458
0.700000 0.069529
0.712500 0.067492
0.725000 0.065351
0.737500 0.063109
0.750000 0.060770
0.762500 0.058337
0.775000 0.055815
0.787500 0.053206
0.800000 0.050515
0.812500 0.047747
0.825000 0.044905
0.837500 0.041993
0.850000 0.039017
0.862500 0.035980
0.875000 0.032889
0.887500 0.029746
0.900000 0.026558
0.912500 0.023328
0.925000 0.020063
0.937500 0.016766
0.950000 0.013444
0.962500 0.010101
0.975000 0.006743
0.987500 0.003374
1.000000 0.000000
0.000000 0.000000
0.012500 0.002377
0.025000 0.004749
0.037500 0.007115
0.050000 0.009469
0.062500 0.011809
0.075000 0.014131
0.087500 0.016431
0.100000 0.018706
0.112500 0.020952
0.125000 0.023165
0.137500 0.025343
0.150000 0.027481
0.162500 0.029578
0.175000 0.031628
0.187500 0.033630
0.200000 0.035580
0.212500 0.037476
0.225000 0.039313
0.237500 0.041090
0.250000 0.042803
0.262500 0.044451
0.275000 0.046030
0.287500 0.047538
0.300000 0.048972
0.312500 0.050331
0.325000 0.051613
0.337500 0.052815
0.350000 0.053935
0.362500 0.054973
0.375000 0.055925
0.387500 0.056792
0.400000 0.057570
0.412500 0.058260
0.425000 0.058861
0.437500 0.059370
0.450000 0.059788
0.462500 0.060113
0.475000 0.060346
0.487500 0.060486
0.500000 0.060533
0.512500 0.060486
0.525000 0.060346
0.537500 0.060113
0.550000 0.059788
0.562500 0.059370
0.575000 0.058861
0.587500 0.058260
0.600000 0.057570
0.612500 0.056792
0.625000 0.055925
0.637500 0.054973
0.650000 0.053935
0.662500 0.052815
0.675000 0.051613
0.687500 0.050331
0.700000 0.048972
0.712500 0.047538
0.725000 0.046030
0.737500 0.044451
0.750000 0.042803
0.762500 0.041090
0.775000 0.039313
0.787500 0.037476
0.800000 0.035580
0.812500 0.033630
0.825000 0.031628
0.837500 0.029578
0.850000 0.027481
0.862500 0.025343
0.875000 0.023165
0.887500 0.020952
0.900000 0.018706
0.912500 0.016431
0.925000 0.014131
0.937500 0.011809
0.950000 0.009469
0.962500 0.007115
0.975000 0.004749
0.987500 0.002377
1.000000 0.000000
0.000000 0.000000
0.012500 0.001674
0.025000 0.003345
0.037500 0.005011
0.050000 0.006670
0.062500 0.008318
0.075000 0.009953
0.087500 0.011573
0.100000 0.013175
0.112500 0.014757
0.125000 0.016316
0.137500 0.017850
0.150000 0.019356
0.162500 0.020833
0.175000 0.022277
0.187500 0.023687
0.200000 0.025061
0.212500 0.026396
0.225000 0.027690
0.237500 0.028942
0.250000 0.030148
0.262500 0.031309
0.275000 0.032421
0.287500 0.033483
0.300000 0.034494
0.312500 0.035451
0.325000 0.036353
0.337500 0.037200
0.350000 0.037989
0.362500 0.038720
0.375000 0.039391
0.387500 0.040001
0.400000 0.040550
0.412500 0.041036
0.425000 0.041458
0.437500 0.041817
0.450000 0.042111
0.462500 0.042341
0.475000 0.042505
0.487500 0.042603
0.500000 0.042636
0.512500 0.042603
0.525000 0.042505
0.537500 0.042341
0.550000 0.042111
0.562500 0.041817
0.575000 0.041458
0.587500 0.041036
0.600000 0.040550
0.612500 0.040001
0.625000 0.039391
0.637500 0.038720
0.650000 0.037989
0.662500 0.037200
0.675000 0.036353
0.687500 0.035451
0.700000 0.034494
0.712500 0.033483
0.725000 0.032421
0.737500 0.031309
0.750000 0.030148
0.762500 0.028942
0.775000 0.027690
0.787500 0.026396
0.800000 0.025061
0.812500 0.023687
0.825000 0.022277
0.837500 0.020833
0.850000 0.019356
0.862500 0.017850
0.875000 0.016316
0.887500 0.014757
0.900000 0.013175
0.912500 0.011573
0.925000 0.009953
0.937500 0.008318
0.950000 0.006670
0.962500 0.005011
0.975000 0.003345
0.987500 0.001674
1.000000 0.000000
0.000000 0.000000
0.012500 0.001179
0.025000 0.002356
0.037500 0.003530
0.050000 0.004698
0.062500 0.005859
0.075000 0.007011
0.087500 0.008152
0.100000 0.009280
0.112500 0.010394
0.125000 0.011492
0.137500 0.012573
0.150000 0.013634
0.162500 0.014674
0.175000 0.015691
0.187500 0.016684
0.200000 0.017652
0.212500 0.018592
0.225000 0.019503
0.237500 0.020385
0.250000 0.021235
0.262500 0.022052
0.275000 0.022836
0.287500 0.023584
0.300000 0.024295
0.312500 0.024970
0.325000 0.025605
0.337500 0.026202
0.350000 0.026758
0.362500 0.027272
0.375000 0.027745
0.387500 0.028175
0.400000 0.028561
0.412500 0.028903
0.425000 0.029201
0.437500 0.029454
0.450000 0.029661
0.462500 0.029823
0.475000 0.029938
0.487500 0.030008
0.500000 0.030031
0.512500 0.030008
0.525000 0.029938
0.537500 0.029823
0.550000 0.029661
0.562500 0.029454
0.575000 0.029201
0.587500 0.028903
0.600000 0.028561
0.612500 0.028175
0.625000 0.027745
0.637500 0.027272
0.650000 0.026758
0.662500 0.026202
0.675000 0.025605
0.687500 0.024970
0.700000 0.024295
0.712500 0.023584
0.725000 0.022836
0.737500 0.022052
0.750000 0.021235
0.762500 0.020385
0.775000 0.019503
0.787500 0.018592
0.800000 0.017652
0.812500 0.016684
0.825000 0.015691
0.837500 0.014674
0.850000 0.013634
0.862500 0.012573
0.875000 0.011492
0.887500 0.010394
0.900000 0.009280
0.912500 0.008152
0.925000 0.007011
0.937500 0.005859
0.950000 0.004698
0.962500 0.003530
0.975000 0.002356
0.987500 0.001179
1.000000 0.000000
0.000000 0.000000
0.012500 0.000830
0.025000 0.001660
0.037500 0.002486
0.050000 0.003309
0.062500 0.004127
0.075000 0.004938
0.087500 0.005742
0.100000 0.006536
0.112500 0.007321
0.125000 0.008095
0.137500 0.008856
0.150000 0.009603
0.162500 0.010335
0.175000 0.011052
0.187500 0.011751
0.200000 0.012433
0.212500 0.013095
0.225000 0.013737
0.237500 0.014358
0.250000 0.014957
0.262500 0.015532
0.275000 0.016084
0.287500 0.016611
0.300000 0.017112
0.312500 0.017587
0.325000 0.018035
0.337500 0.018455
0.350000 0.018847
0.362500 0.019209
0.375000 0.019542
0.387500 0.019845
0.400000 0.020117
0.412500 0.020358
0.425000 0.020568
0.437500 0.020746
0.450000 0.020892
0.462500 0.021006
0.475000 0.021087
0.487500 0.021136
0.500000 0.021152
0.512500 0.021136
0.525000 0.021087
0.537500 0.021006
0.550000 0.020892
0.562500 0.020746
0.575000 0.020568
0.587500 0.020358
0.600000 0.020117
0.612500 0.019845
0.625000 0.019542
0.637500 0.019209
0.650000 0.018847
0.662500 0.018455
0.675000 0.018035
0.687500 0.017587
0.700000 0.017112
0.712500 0.016611
0.725000 0.016084
0.737500 0.015532
0.750000 0.014957
0.762500 0.014358
0.775000 0.013737
0.787500 0.013095
0.800000 0.012433
0.812500 0.011751
0.825000 0.011052
0.837500 0.010335
0.850000 0.009603
0.862500 0.008856
0.875000 0.008095
0.887500 0.007321
0.900000 0.006536
0.912500 0.005742
0.925000 0.004938
0.937500 0.004127
0.950000 0.003309
0.962500 0.002486
0.975000 0.001660
0.987500 0.000830
1.000000 0.000000
0.000000 0.000000
0.012500 0.000585
0.025000 0.001169
0.037500 0.001751
0.050000 0.002331
0.062500 0.002907
0.075000 0.003478
0.087500 0.004044
0.100000 0.004604
0.112500 0.005157
0.125000 0.005701
0.137500 0.006237
0.150000 0.006764
0.162500 0.007280
0.175000 0.007784
0.187500 0.008277
0.200000 0.008757
0.212500 0.009224
0.225000 0.009676
0.237500 0.010113
0.250000 0.010535
0.262500 0.010940
0.275000 0.011329
0.287500 0.011700
0.300000 0.012053
0.312500 0.012388
0.325000 0.012703
0.337500 0.012999
0.350000 0.013275
0.362500 0.013530
0.375000 0.013764
0.387500 0.013978
0.400000 0.014169
0.412500 0.014339
0.425000 0.014487
0.437500 0.014612
0.450000 0.014715
0.462500 0.014795
0.475000 0.014853
0.487500 0.014887
0.500000 0.014898
0.512500 0.014887
0.525000 0.014853
0.537500 0.014795
0.550000 0.014715
0.562500 0.014612
0.575000 0.014487
0.587500 0.014339
0.600000 0.014169
0.612500 0.013978
0.625000 0.013764
0.637500 0.013530
0.650000 0.013275
0.662500 0.012999
0.675000 0.012703
0.687500 0.012388
0.700000 0.012053
0.712500 0.011700
0.725000 0.011329
0.737500 0.010940
0.750000 0.010535
0.762500 0.010113
0.775000 0.009676
0.787500 0.009224
0.800000 0.008757
0.812500 0.008277
0.825000 0.007784
0.837500 0.007280
0.850000 0.006764
0.862500 0.006237
0.875000 0.005701
0.887500 0.005157
0.900000 0.004604
0.912500 0.004044
0.925000 0.003478
0.937500 0.002907
0.950000 0.002331
0.962500 0.001751
0.975000 0.001169
0.987500 0.000585
1.000000 0.000000
0.000000 0.000000
0.012500 0.000412
0.025000 0.000823
0.037500 0.001233
0.050000 0.001642
0.062500 0.002047
0.075000 0.002450
0.087500 0.002848
0.100000 0.003243
0.112500 0.003632
0.125000 0.004016
0.137500 0.004393
0.150000 0.004764
0.162500 0.005127
0.175000 0.005483
0.187500 0.005830
0.200000 0.006168
0.212500 0.006497
0.225000 0.006815
0.237500 0.007123
0.250000 0.007420
0.262500 0.007706
0.275000 0.007979
0.287500 0.008241
0.300000 0.008490
0.312500 0.008725
0.325000 0.008947
0.337500 0.009156
0.350000 0.009350
0.362500 0.009530
0.375000 0.009695
0.387500 0.009845
0.400000 0.009980
0.412500 0.010100
0.425000 0.010204
0.437500 0.010292
0.450000 0.010364
0.462500 0.010421
0.475000 0.010461
0.487500 0.010486
0.500000 0.010494
0.512500 0.010486
0.525000 0.010461
0.537500 0.010421
0.550000 0.010364
0.562500 0.010292
0.575000 0.010204
0.587500 0.010100
0.600000 0.009980
0.612500 0.009845
0.625000 0.009695
0.637500 0.009530
0.650000 0.009350
0.662500 0.009156
0.675000 0.008947
0.687500 0.008725
0.700000 0.008490
0.712500 0.008241
0.725000 0.007979
0.737500 0.007706
0.750000 0.007420
0.762500 0.007123
0.775000 0.006815
0.787500 0.006497
0.800000 0.006168
0.812500 0.005830
0.825000 0.005483
0.837500 0.005127
0.850000 0.004764
0.862500 0.004393
0.875000 0.004016
0.887500 0.003632
0.900000 0.003243
0.912500 0.002848
0.925000 0.002450
0.937500 0.002047
0.950000 0.001642
0.962500 0.001233
0.975000 0.000823
0.987500 0.000412
1.000000 0.000000
0.000000 0.000000
0.012500 0.000290
0.025000 0.000580
0.037500 0.000869
0.050000 0.001156
0.062500 0.001442
0.075000 0.001725
0.087500 0.002006
0.100000 0.002284
0.112500 0.002558
0.125000 0.002828
0.137500 0.003094
0.150000 0.003356
0.162500 0.003611
0.175000 0.003862
0.187500 0.004106
0.200000 0.004344
0.212500 0.004576
0.225000 0.004800
0.237500 0.005017
0.250000 0.005226
0.262500 0.005428
0.275000 0.005620
0.287500 0.005804
0.300000 0.005980
0.312500 0.006146
0.325000 0.006302
0.337500 0.006449
0.350000 0.006586
0.362500 0.006712
0.375000 0.006829
0.387500 0.006934
0.400000 0.007029
0.412500 0.007114
0.425000 0.007187
0.437500 0.007249
0.450000 0.007300
0.462500 0.007340
0.475000 0.007368
0.487500 0.007386
0.500000 0.007391
0.512500 0.007386
0.525000 0.007368
0.537500 0.007340
0.550000 0.007300
0.562500 0.007249
0.575000 0.007187
0.587500 0.007114
0.600000 0.007029
0.612500 0.006934
0.625000 0.006829
0.637500 0.006712
0.650000 0.006586
0.662500 0.006449
0.675000 0.006302
0.687500 0.006146
0.700000 0.005980
0.712500 0.005804
0.725000 0.005620
0.737500 0.005428
0.750000 0.005226
0.762500 0.005017
0.775000 0.004800
0.787500 0.004576
0.800000 0.004344
0.812500 0.004106
0.825000 0.003862
0.837500 0.003611
0.850000 0.003356
0.862500 0.003094
0.875000 0.002828
0.887500 0.002558
0.900000 0.002284
0.912500 0.002006
0.925000 0.001725
0.937500 0.001442
0.950000 0.001156
0.962500 0.000869
0.975000 0.000580
0.987500 0.000290
1.000000 0.000000
0.000000 0.000000
0.012500 0.000204
0.025000 0.000408
0.037500 0.000612
0.050000 0.000814
0.062500 0.001016
0.075000 0.001215
0.087500 0.001413
0.100000 0.001609
0.112500 0.001802
0.125000 0.001992
0.137500 0.002180
0.150000 0.002363
0.162500 0.002544
0.175000 0.002720
0.187500 0.002892
0.200000 0.003060
0.212500 0.003223
0.225000 0.003381
0.237500 0.003534
0.250000 0.003681
0.262500 0.003823
0.275000 0.003959
0.287500 0.004088
0.300000 0.004212
0.312500 0.004329
0.325000 0.004439
0.337500 0.004542
0.350000 0.004639
0.362500 0.004728
0.375000 0.004810
0.387500 0.004884
0.400000 0.004951
0.412500 0.005011
0.425000 0.005062
0.437500 0.005106
0.450000 0.005142
0.462500 0.005170
0.475000 0.005190
0.487500 0.005202
0.500000 0.005206
0.512500 0.005202
0.525000 0.005190
0.537500 0.005170
0.550000 0.005142
0.562500 0.005106
0.575000 0.005062
0.587500 0.005011
0.600000 0.004951
0.612500 0.004884
0.625000 0.004810
0.637500 0.004728
0.650000 0.004639
0.662500 0.004542
0.675000 0.004439
0.687500 0.004329
0.700000 0.004212
0.712500 0.004088
0.725000 0.003959
0.737500 0.003823
0.750000 0.003681
0.762500 0.003534
0.775000 0.003381
0.787500 0.003223
0.800000 0.003060
0.812500 0.002892
0.825000 0.002720
0.837500 0.002544
0.850000 0.002363
0.862500 0.002180
0.875000 0.001992
0.887500 0.001802
0.900000 0.001609
0.912500 0.001413
0.925000 0.001215
0.937500 0.001016
0.950000 0.000814
0.962500 0.000612
0.975000 0.000408
0.987500 0.000204
1.000000 0.000000
0.000000 0.000000
0.012500 0.000144
0.025000 0.000288
0.037500 0.000431
0.050000 0.000574
0.062500 0.000715
0.075000 0.000856
0.087500 0.000995
0.100000 0.001133
0.112500 0.001269
0.125000 0.001403
0.137500 0.001535
0.150000 0.001665
0.162500 0.001792
0.175000 0.001916
0.187500 0.002037
0.200000 0.002155
0.212500 0.002270
0.225000 0.002381
0.237500 0.002489
0.250000 0.002593
0.262500 0.002693
0.275000 0.002788
0.287500 0.002880
0.300000 0.002967
0.312500 0.003049
0.325000 0.003126
0.337500 0.003199
0.350000 0.003267
0.362500 0.003330
0.375000 0.003388
0.387500 0.003440
0.400000 0.003487
0.412500 0.003529
0.425000 0.003566
0.437500 0.003596
0.450000 0.003622
0.462500 0.003641
0.475000 0.003656
0.487500 0.003664
0.500000 0.003667
0.512500 0.003664
0.525000 0.003656
0.537500 0.003641
0.550000 0.003622
0.562500 0.003596
0.575000 0.003566
0.587500 0.003529
0.600000 0.003487
0.612500 0.003440
0.625000 0.003388
0.637500 0.003330
0.650000 0.003267
0.662500 0.003199
0.675000 0.003126
0.687500 0.003049
0.700000 0.002967
0.712500 0.002880
0.725000 0.002788
0.737500 0.002693
0.750000 0.002593
0.762500 0.002489
0.775000 0.002381
0.787500 0.002270
0.800000 0.002155
0.812500 0.002037
0.825000 0.001916
0.837500 0.001792
0.850000 0.001665
0.862500 0.001535
0.875000 0.001403
0.887500 0.001269
0.900000 0.001133
0.912500 0.000995
0.925000 0.000856
0.937500 0.000715
0.950000 0.000574
0.962500 0.000431
0.975000 0.000288
0.987500 0.000144
1.000000 0.000000
0.000000 0.000000
0.012500 0.000101
0.025000 0.000203
0.037500 0.000304
0.050000 0.000404
0.062500 0.000504
0.075000 0.000603
0.087500 0.000701
0.100000 0.000798
0.112500 0.000894
0.125000 0.000988
0.137500 0.001081
0.150000 0.001173
0.162500 0.001262
0.175000 0.001349
0.187500 0.001435
0.200000 0.001518
0.212500 0.001599
0.225000 0.001677
0.237500 0.001753
0.250000 0.001826
0.262500 0.001897
0.275000 0.001964
0.287500 0.002028
0.300000 0.002089
0.312500 0.002147
0.325000 0.002202
0.337500 0.002253
0.350000 0.002301
0.362500 0.002345
0.375000 0.002386
0.387500 0.002423
0.400000 0.002456
0.412500 0.002486
0.425000 0.002511
0.437500 0.002533
0.450000 0.002551
0.462500 0.002565
0.475000 0.002575
0.487500 0.002581
0.500000 0.002583
0.512500 0.002581
0.525000 0.002575
0.537500 0.002565
0.550000 0.002551
0.562500 0.002533
0.575000 0.002511
0.587500 0.002486
0.600000 0.002456
0.612500 0.002423
0.625000 0.002386
0.637500 0.002345
0.650000 0.002301
0.662500 0.002253
0.675000 0.002202
0.687500 0.002147
0.700000 0.002089
0.712500 0.002028
0.725000 0.001964
0.737500 0.001897
0.750000 0.001826
0.762500 0.001753
0.775000 0.001677
0.787500 0.001599
0.800000 0.001518
0.812500 0.001435
0.825000 0.001349
0.837500 0.001262
0.850000 0.001173
0.862500 0.001081
0.875000 0.000988
0.887500 0.000894
0.900000 0.000798
0.912500 0.000701
0.925000 0.000603
0.937500 0.000504
0.950000 0.000404
0.962500 0.000304
0.975000 0.000203
0.987500 0.000101
1.000000 0.000000
0.000000 0.000000
0.012500 0.000071
0.025000 0.000143
0.037500 0.000214
0.050000 0.000285
0.062500 0.000355
0.075000 0.000425
0.087500 0.000494
0.100000 0.000562
0.112500 0.000630
0.125000 0.000696
0.137500 0.000762
0.150000 0.000826
0.162500 0.000889
0.175000 0.000950
0.187500 0.001011
0.200000 0.001069
0.212500 0.001126
0.225000 0.001181
0.237500 0.001235
0.250000 0.001286
0.262500 0.001336
0.275000 0.001383
0.287500 0.001429
0.300000 0.001472
0.312500 0.001513
0.325000 0.001551
0.337500 0.001587
0.350000 0.001621
0.362500 0.001652
0.375000 0.001681
0.387500 0.001707
0.400000 0.001730
0.412500 0.001751
0.425000 0.001769
0.437500 0.001784
0.450000 0.001797
0.462500 0.001807
0.475000 0.001814
0.487500 0.001818
0.500000 0.001819
0.512500 0.001818
0.525000 0.001814
0.537500 0.001807
0.550000 0.001797
0.562500 0.001784
0.575000 0.001769
0.587500 0.001751
0.600000 0.001730
0.612500 0.001707
0.625000 0.001681
0.637500 0.001652
0.650000 0.001621
0.662500 0.001587
0.675000 0.001551
0.687500 0.001513
0.700000 0.001472
0.712500 0.001429
0.725000 0.001383
0.737500 0.001336
0.750000 0.001286
0.762500 0.001235
0.775000 0.001181
0.787500 0.001126
0.800000 0.001069
0.812500 0.001011
0.825000 0.000950
0.837500 0.000889
0.850000 0.000826
0.862500 0.000762
0.875000 0.000696
0.887500 0.000630
0.900000 0.000562
0.912500 0.000494
0.925000 0.000425
0.937500 0.000355
0.950000 0.000285
0.962500 0.000214
0.975000 0.000143
0.987500 0.000071
1.000000 0.000000
0.000000 0.000000
0.012500 0.000050
0.025000 0.000101
0.037500 0.000151
0.050000 0.000200
0.062500 0.000250
0.075000 0.000299
0.087500 0.000348
0.100000 0.000396
0.112500 0.000443
0.125000 0.000490
0.137500 0.000536
0.150000 0.000582
0.162500 0.000626
0.175000 0.000669
0.187500 0.000712
0.200000 0.000753
0.212500 0.000793
0.225000 0.000832
0.237500 0.000870
0.250000 0.000906
0.262500 0.000941
0.275000 0.000974
0.287500 0.001006
0.300000 0.001037
0.312500 0.001065
0.325000 0.001092
0.337500 0.001118
0.350000 0.001142
0.362500 0.001164
0.375000 0.001184
0.387500 0.001202
0.400000 0.001219
0.412500 0.001233
0.425000 0.001246
0.437500 0.001257
0.450000 0.001266
0.462500 0.001272
0.475000 0.001277
0.487500 0.001280
0.500000 0.001281
0.512500 0.001280
0.525000 0.001277
0.537500 0.001272
0.550000 0.001266
0.562500 0.001257
0.575000 0.001246
0.587500 0.001233
0.600000 0.001219
0.612500 0.001202
0.625000 0.001184
0.637500 0.001164
0.650000 0.001142
0.662500 0.001118
0.675000 0.001092
0.687500 0.001065
0.700000 0.001037
0.712500 0.001006
0.725000 0.000974
0.737500 0.000941
0.750000 0.000906
0.762500 0.000870
0.775000 0.000832
0.787500 0.000793
0.800000 0.000753
0.812500 0.000712
0.825000 0.000669
0.837500 0.000626
0.850000 0.000582
0.862500 0.000536
0.875000 0.000490
0.887500 0.000443
0.900000 0.000396
0.912500 0.000348
0.925000 0.000299
0.937500 0.000250
0.950000 0.000200
0.962500 0.000151
0.975000 0.000101
0.987500 0.000050
1.000000 0.000000
0.000000 0.000000
0.012500 0.000035
0.025000 0.000071
0.037500 0.000106
0.050000 0.000141
0.062500 0.000176
0.075000 0.000211
0.087500 0.000245
0.100000 0.000279
0.112500 0.000312
0.125000 0.000345
0.137500 0.000378
0.150000 0.000410
0.162500 0.000441
0.175000 0.000472
0.187500 0.000501
0.200000 0.000530
0.212500 0.000559
0.225000 0.000586
0.237500 0.000613
0.250000 0.000638
0.262500 0.000663
0.275000 0.000686
0.287500 0.000709
0.300000 0.000730
0.312500 0.000750
0.325000 0.000769
0.337500 0.000787
0.350000 0.000804
0.362500 0.000820
0.375000 0.000834
0.387500 0.000847
0.400000 0.000858
0.412500 0.000869
0.425000 0.000878
0.437500 0.000885
0.450000 0.000891
0.462500 0.000896
0.475000 0.000900
0.487500 0.000902
0.500000 0.000902
0.512500 0.000902
0.525000 0.000900
0.537500 0.000896
0.550000 0.000891
0.562500 0.000885
0.575000 0.000878
0.587500 0.000869
0.600000 0.000858
0.612500 0.000847
0.625000 0.000834
0.637500 0.000820
0.650000 0.000804
0.662500 0.000787
0.675000 0.000769
0.687500 0.000750
0.700000 0.000730
0.712500 0.000709
0.725000 0.000686
0.737500 0.000663
0.750000 0.000638
0.762500 0.000613
0.775000 0.000586
0.787500 0.000559
0.800000 0.000530
0.812500 0.000501
0.825000 0.000472
0.837500 0.000441
0.850000 0.000410
0.862500 0.000378
0.875000 0.000345
0.887500 0.000312
0.900000 0.000279
0.912500 0.000245
0.925000 0.000211
0.937500 0.000176
0.950000 0.000141
0.962500 0.000106
0.975000 0.000071
0.987500 0.000035
1.000000 0.000000
0.000000 0.000000
0.012500 0.000025
0.025000 0.000050
0.037500 0.000075
0.050000 0.000099
0.062500 0.000124
0.075000 0.000148
0.087500 0.000173
0.100000 0.000196
0.112500 0.000220
0.125000 0.000243
0.137500 0.000266
0.150000 0.000289
0.162500 0.000311
0.175000 0.000332
0.187500 0.000353
0.200000 0.000374
0.212500 0.000394
0.225000 0.000413
0.237500 0.000431
0.250000 0.000449
0.262500 0.000467
0.275000 0.000483
0.287500 0.000499
0.300000 0.000514
0.312500 0.000529
0.325000 0.000542
0.337500 0.000555
0.350000 0.000566
0.362500 0.000577
0.375000 0.000587
0.387500 0.000596
0.400000 0.000605
0.412500 0.000612
0.425000 0.000618
0.437500 0.000623
0.450000 0.000628
0.462500 0.000631
0.475000 0.000634
0.487500 0.000635
0.500000 0.000636
0.512500 0.000635
0.525000 0.000634
0.537500 0.000631
0.550000 0.000628
0.562500 0.000623
0.575000 0.000618
0.587500 0.000612
0.600000 0.000605
0.612500 0.000596
0.625000 0.000587
0.637500 0.000577
0.650000 0.000566
0.662500 0.000555
0.675000 0.000542
0.687500 0.000529
0.700000 0.000514
0.712500 0.000499
0.725000 0.000483
0.737500 0.000467
0.750000 0.000449
0.762500 0.000431
0.775000 0.000413
0.787500 0.000394
0.800000 0.000374
0.812500 0.000353
0.825000 0.000332
0.837500 0.000311
0.850000 0.000289
0.862500 0.000266
0.875000 0.000243
0.887500 0.000220
0.900000 0.000196
0.912500 0.000173
0.925000 0.000148
0.937500 0.000124
0.950000 0.000099
0.962500 0.000075
0.975000 0.000050
0.987500 0.000025
1.000000 0.000000
0.000000 0.000000
0.012500 0.000018
0.025000 0.000035
0.037500 0.000053
0.050000 0.000070
0.062500 0.000087
0.075000 0.000105
0.087500 0.000122
0.100000 0.000138
0.112500 0.000155
0.125000 0.000171
0.137500 0.000187
0.150000 0.000203
0.162500 0.000219
0.175000 0.000234
0.187500 0.000249
0.200000 0.000263
0.212500 0.000277
0.225000 0.000291
0.237500 0.000304
0.250000 0.000317
0.262500 0.000329
0.275000 0.000340
0.287500 0.000352
0.300000 0.000362
0.312500 0.000372
0.325000 0.000382
0.337500 0.000391
0.350000 0.000399
0.362500 0.000407
0.375000 0.000414
0.387500 0.000420
0.400000 0.000426
0.412500 0.000431
0.425000 0.000435
0.437500 0.000439
0.450000 0.000442
0.462500 0.000445
0.475000 0.000446
0.487500 0.000447
0.500000 0.000448
0.512500 0.000447
0.525000 0.000446
0.537500 0.000445
0.550000 0.000442
0.562500 0.000439
0.575000 0.000435
0.587500 0.000431
0.600000 0.000426
0.612500 0.000420
0.625000 0.000414
0.637500 0.000407
0.650000 0.000399
0.662500 0.000391
0.675000 0.000382
0.687500 0.000372
0.700000 0.000362
0.712500 0.000352
0.725000 0.000340
0.737500 0.000329
0.750000 0.000317
0.762500 0.000304
0.775000 0.000291
0.787500 0.000277
0.800000 0.000263
0.812500 0.000249
0.825000 0.000234
0.837500 0.000219
0.850000 0.000203
0.862500 0.000187
0.875000 0.000171
0.887500 0.000155
0.900000 0.000138
0.912500 0.000122
0.925000 0.000105
0.937500 0.000087
0.950000 0.000070
0.962500 0.000053
0.975000 0.000035
0.987500 0.000018
1.000000 0.000000
0.000000 0.000000
0.012500 0.000012
0.025000 0.000025
0.037500 0.000037
0.050000 0.000049
0.062500 0.000062
0.075000 0.000074
0.087500 0.000086
0.100000 0.000097
0.112500 0.000109
0.125000 0.000121
0.137500 0.000132
0.150000 0.000143
0.162500 0.000154
0.175000 0.000165
0.187500 0.000175
0.200000 0.000185
0.212500 0.000195
0.225000 0.000205
0.237500 0.000214
0.250000 0.000223
0.262500 0.000232
0.275000 0.000240
0.287500 0.000248
0.300000 0.000255
0.312500 0.000262
0.325000 0.000269
0.337500 0.000275
0.350000 0.000281
0.362500 0.000286
0.375000 0.000291
0.387500 0.000296
0.400000 0.000300
0.412500 0.000304
0.425000 0.000307
0.437500 0.000309
0.450000 0.000311
0.462500 0.000313
0.475000 0.000314
0.487500 0.000315
0.500000 0.000315
0.512500 0.000315
0.525000 0.000314
0.537500 0.000313
0.550000 0.000311
0.562500 0.000309
0.575000 0.000307
0.587500 0.000304
0.600000 0.000300
0.612500 0.000296
0.625000 0.000291
0.637500 0.000286
0.650000 0.000281
0.662500 0.000275
0.675000 0.000269
0.687500 0.000262
0.700000 0.000255
0.712500 0.000248
0.725000 0.000240
0.737500 0.000232
0.750000 0.000223
0.762500 0.000214
0.775000 0.000205
0.787500 0.000195
0.800000 0.000185
0.812500 0.000175
0.825000 0.000165
0.837500 0.000154
0.850000 0.000143
0.862500 0.000132
0.875000 0.000121
0.887500 0.000109
0.900000 0.000097
0.912500 0.000086
0.925000 0.000074
0.937500 0.000062
0.950000 0.000049
0.962500 0.000037
0.975000 0.000025
0.987500 0.000012
1.000000 0.000000
0.000000 0.000000
0.012500 0.000009
0.025000 0.000017
0.037500 0.000026
0.050000 0.000035
0.062500 0.000043
0.075000 0.000052
0.087500 0.000060
0.100000 0.000069
0.112500 0.000077
0.125000 0.000085
0.137500 0.000093
0.150000 0.000101
0.162500 0.000109
0.175000 0.000116
0.187500 0.000123
0.200000 0.000131
0.212500 0.000138
0.225000 0.000144
0.237500 0.000151
0.250000 0.000157
0.262500 0.000163
0.275000 0.000169
0.287500 0.000174
0.300000 0.000180
0.312500 0.000185
0.325000 0.000189
0.337500 0.000194
0.350000 0.000198
0.362500 0.000202
0.375000 0.000205
0.387500 0.000208
0.400000 0.000211
0.412500 0.000214
0.425000 0.000216
0.437500 0.000218
0.450000 0.000219
0.462500 0.000221
0.475000 0.000221
0.487500 0.000222
0.500000 0.000222
0.512500 0.000222
0.525000 0.000221
0.537500 0.000221
0.550000 0.000219
0.562500 0.000218
0.575000 0.000216
0.587500 0.000214
0.600000 0.000211
0.612500 0.000208
0.625000 0.000205
0.637500 0.000202
0.650000 0.000198
0.662500 0.000194
0.675000 0.000189
0.687500 0.000185
0.700000 0.000180
0.712500 0.000174
0.725000 0.000169
0.737500 0.000163
0.750000 0.000157
0.762500 0.000151
0.775000 0.000144
0.787500 0.000138
0.800000 0.000131
0.812500 0.000123
0.825000 0.000116
0.837500 0.000109
0.850000 0.000101
0.862500 0.000093
0.875000 0.000085
0.887500 0.000077
0.900000 0.000069
0.912500 0.000060
0.925000 0.000052
0.937500 0.000043
0.950000 0.000035
0.962500 0.000026
0.975000 0.000017
0.987500 0.000009
1.000000 0.000000
0.000000 0.000000
0.012500 0.000006
0.025000 0.000012
0.037500 0.000018
0.050000 0.000024
0.062500 0.000031
0.075000 0.000037
0.087500 0.000042
0.100000 0.000048
0.112500 0.000054
0.125000 0.000060
0.137500 0.000065
0.150000 0.000071
0.162500 0.000076
0.175000 0.000082
0.187500 0.000087
0.200000 0.000092
0.212500 0.000097
0.225000 0.000102
0.237500 0.000106
0.250000 0.000111
0.262500 0.000115
0.275000 0.000119
0.287500 0.000123
0.300000 0.000127
0.312500 0.000130
0.325000 0.000133
0.337500 0.000137
0.350000 0.000139
0.362500 0.000142
0.375000 0.000145
0.387500 0.000147
0.400000 0.000149
0.412500 0.000151
0.425000 0.000152
0.437500 0.000153
0.450000 0.000155
0.462500 0.000155
0.475000 0.000156
0.487500 0.000156
0.500000 0.000156
0.512500 0.000156
0.525000 0.000156
0.537500 0.000155
0.550000 0.000155
0.562500 0.000153
0.575000 0.000152
0.587500 0.000151
0.600000 0.000149
0.612500 0.000147
0.625000 0.000145
0.637500 0.000142
0.650000 0.000139
0.662500 0.000137
0.675000 0.000133
0.687500 0.000130
0.700000 0.000127
0.712500 0.000123
0.725000 0.000119
0.737500 0.000115
0.750000 0.000111
0.762500 0.000106
0.775000 0.000102
0.787500 0.000097
0.800000 0.000092
0.812500 0.000087
0.825000 0.000082
0.837500 0.000076
0.850000 0.000071
0.862500 0.000065
0.875000 0.000060
0.887500 0.000054
0.900000 0.000048
0.912500 0.000042
0.925000 0.000037
0.937500 0.000031
0.950000 0.000024
0.962500 0.000018
0.975000 0.000012
0.987500 0.000006
1.000000 0.000000
0.000000 0.000000
0.012500 0.000004
0.025000 0.000009
0.037500 0.000013
0.050000 0.000017
0.062500 0.000021
0.075000 0.000026
0.087500 0.000030
0.100000 0.000034
0.112500 0.000038
0.125000 0.000042
0.137500 0.000046
0.150000 0.000050
0.162500 0.000054
0.175000 0.000058
0.187500 0.000061
0.200000 0.000065
0.212500 0.000068
0.225000 0.000072
0.237500 0.000075
0.250000 0.000078
0.262500 0.000081
0.275000 0.000084
0.287500 0.000087
0.300000 0.000089
0.312500 0.000092
0.325000 0.000094
0.337500 0.000096
0.350000 0.000098
0.362500 0.000100
0.375000 0.000102
0.387500 0.000103
0.400000 0.000105
0.412500 0.000106
0.425000 0.000107
0.437500 0.000108
0.450000 0.000109
0.462500 0.000109
0.475000 0.000110
0.487500 0.000110
0.500000 0.000110
0.512500 0.000110
0.525000 0.000110
0.537500 0.000109
0.550000 0.000109
0.562500 0.000108
0.575000 0.000107
0.587500 0.000106
0.600000 0.000105
0.612500 0.000103
0.625000 0.000102
0.637500 0.000100
0.650000 0.000098
0.662500 0.000096
0.675000 0.000094
0.687500 0.000092
0.700000 0.000089
0.712500 0.000087
0.725000 0.000084
0.737500 0.000081
0.750000 0.000078
0.762500 0.000075
0.775000 0.000072
0.787500 0.000068
0.800000 0.000065
0.812500 0.000061
0.825000 0.000058
0.837500 0.000054
0.850000 0.000050
0.862500 0.000046
0.875000 0.000042
0.887500 0.000038
0.900000 0.000034
0.912500 0.000030
0.925000 0.000026
0.937500 0.000021
0.950000 0.000017
0.962500 0.000013
0.975000 0.000009
0.987500 0.000004
1.000000 0.000000
0.000000 0.000000
0.012500 0.000003
0.025000 0.000006
0.037500 0.000009
0.050000 0.000012
0.062500 0.000015
0.075000 0.000018
0.087500 0.000021
0.100000 0.000024
0.112500 0.000027
0.125000 0.000030
0.137500 0.000032
0.150000 0.000035
0.162500 0.000038
0.175000 0.000041
0.187500 0.000043
0.200000 0.000046
0.212500 0.000048
0.225000 0.000050
0.237500 0.000053
0.250000 0.000055
0.262500 0.000057
0.275000 0.000059
0.287500 0.000061
0.300000 0.000063
0.312500 0.000065
0.325000 0.000066
0.337500 0.000068
0.350000 0.000069
0.362500 0.000070
0.375000 0.000072
0.387500 0.000073
0.400000 0.000074
0.412500 0.000075
0.425000 0.000075
0.437500 0.000076
0.450000 0.000077
0.462500 0.000077
0.475000 0.000077
0.487500 0.000078
0.500000 0.000078
0.512500 0.000078
0.525000 0.000077
0.537500 0.000077
0.550000 0.000077
0.562500 0.000076
0.575000 0.000075
0.587500 0.000075
0.600000 0.000074
0.612500 0.000073
0.625000 0.000072
0.637500 0.000070
0.650000 0.000069
0.662500 0.000068
0.675000 0.000066
0.687500 0.000065
0.700000 0.000063
0.712500 0.000061
0.725000 0.000059
0.737500 0.000057
0.750000 0.000055
0.762500 0.000053
0.775000 0.000050
0.787500 0.000048
0.800000 0.000046
0.812500 0.000043
0.825000 0.000041
0.837500 0.000038
0.850000 0.000035
0.862500 0.000032
0.875000 0.000030
0.887500 0.000027
0.900000 0.000024
0.912500 0.000021
0.925000 0.000018
0.937500 0.000015
0.950000 0.000012
0.962500 0.000009
0.975000 0.000006
0.987500 0.000003
1.000000 0.000000
0.000000 0.000000
0.012500 0.000002
0.025000 0.000004
0.037500 0.000006
0.050000 0.000009
0.062500 0.000011
0.075000 0.000013
0.087500 0.000015
0.100000 0.000017
0.112500 0.000019
0.125000 0.000021
0.137500 0.000023
0.150000 0.000025
0.162500 0.000027
0.175000 0.000029
0.187500 0.000030
0.200000 0.000032
0.212500 0.000034
0.225000 0.000036
0.237500 0.000037
0.250000 0.000039
0.262500 0.000040
0.275000 0.000042
0.287500 0.000043
0.300000 0.000044
0.312500 0.000045
0.325000 0.000047
0.337500 0.000048
0.350000 0.000049
0.362500 0.000050
0.375000 0.000051
0.387500 0.000051
0.400000 0.000052
0.412500 0.000053
0.425000 0.000053
0.437500 0.000054
0.450000 0.000054
0.462500 0.000054
0.475000 0.000054
0.487500 0.000055
0.500000 0.000055
0.512500 0.000055
0.525000 0.000054
0.537500 0.000054
0.550000 0.000054
0.562500 0.000054
0.575000 0.000053
0.587500 0.000053
0.600000 0.000052
0.612500 0.000051
0.625000 0.000051
0.637500 0.000050
0.650000 0.000049
0.662500 0.000048
0.675000 0.000047
0.687500 0.000045
0.700000 0.000044
0.712500 0.000043
0.725000 0.000042
0.737500 0.000040
0.750000 0.000039
0.762500 0.000037
0.775000 0.000036
0.787500 0.000034
0.800000 0.000032
0.812500 0.000030
0.825000 0.000029
0.837500 0.000027
0.850000 0.000025
0.862500 0.000023
0.875000 0.000021
0.887500 0.000019
0.900000 0.000017
0.912500 0.000015
0.925000 0.000013
0.937500 0.000011
0.950000 0.000009
0.962500 0.000006
0.975000 0.000004
0.987500 0.000002
1.000000 0.000000
