0.000000 0.000000
0.012500 0.039232
0.025000 0.078404
0.037500 0.117455
0.050000 0.156325
0.062500 0.194954
0.075000 0.233282
0.087500 0.271250
0.100000 0.308800
0.112500 0.345874
0.125000 0.382415
0.137500 0.418366
0.150000 0.453672
0.162500 0.488279
0.175000 0.522132
0.187500 0.555181
0.200000 0.587373
0.212500 0.618660
0.225000 0.648993
0.237500 0.678325
0.250000 0.706611
0.262500 0.733808
0.275000 0.759873
0.287500 0.784767
0.300000 0.808450
0.312500 0.830887
0.325000 0.852043
0.337500 0.871884
0.350000 0.890382
0.362500 0.907507
0.375000 0.923232
0.387500 0.937534
0.400000 0.950390
0.412500 0.961781
0.425000 0.971688
0.437500 0.980098
0.450000 0.986996
0.462500 0.992372
0.475000 0.996219
0.487500 0.998529
0.500000 0.999299
0.512500 0.998529
0.525000 0.996219
0.537500 0.992372
0.550000 0.986996
0.562500 0.980098
0.575000 0.971688
0.587500 0.961781
0.600000 0.950390
0.612500 0.937534
0.625000 0.923232
0.637500 0.907507
0.650000 0.890382
0.662500 0.871884
0.675000 0.852043
0.687500 0.830887
0.700000 0.808450
0.712500 0.784767
0.725000 0.759873
0.737500 0.733808
0.750000 0.706611
0.762500 0.678325
0.775000 0.648993
0.787500 0.618660
0.800000 0.587373
0.812500 0.555181
0.825000 0.522132
0.837500 0.488279
0.850000 0.453672
0.862500 0.418366
0.875000 0.382415
0.887500 0.345874
0.900000 0.308800
0.912500 0.271250
0.925000 0.233282
0.937500 0.194954
0.950000 0.156325
0.962500 0.117455
0.975000 0.078404
0.987500 0.039232
1.000000 0.000000
0.000000 0.000000
0.012500 0.027631
0.025000 0.055219
0.037500 0.082723
0.050000 0.110098
0.062500 0.137304
0.075000 0.164299
0.087500 0.191040
0.100000 0.217486
0.112500 0.243597
0.125000 0.269332
0.137500 0.294652
0.150000 0.319518
0.162500 0.343891
0.175000 0.367734
0.187500 0.391010
0.200000 0.413683
0.212500 0.435718
0.225000 0.457081
0.237500 0.477739
0.250000 0.497661
0.262500 0.516816
0.275000 0.535173
0.287500 0.552706
0.300000 0.569386
0.312500 0.585188
0.325000 0.600088
0.337500 0.614062
0.350000 0.627090
0.362500 0.639151
0.375000 0.650226
0.387500 0.660298
0.400000 0.669353
0.412500 0.677375
0.425000 0.684353
0.437500 0.690276
0.450000 0.695134
0.462500 0.698921
0.475000 0.701630
0.487500 0.703257
0.500000 0.703799
0.512500 0.703257
0.525000 0.701630
0.537500 0.698921
0.550000 0.695134
0.562500 0.690276
0.575000 0.684353
0.587500 0.677375
0.600000 0.669353
0.612500 0.660298
0.625000 0.650226
0.637500 0.639151
0.650000 0.627090
0.662500 0.614062
0.675000 0.600088
0.687500 0.585188
0.700000 0.569386
0.712500 0.552706
0.725000 0.535173
0.737500 0.516816
0.750000 0.497661
0.762500 0.477739
0.775000 0.457081
0.787500 0.435718
0.800000 0.413683
0.812500 0.391010
0.825000 0.367734
0.837500 0.343891
0.850000 0.319518
0.862500 0.294652
0.875000 0.269332
0.887500 0.243597
0.900000 0.217486
0.912500 0.191040
0.925000 0.164299
0.937500 0.137304
0.950000 0.110098
0.962500 0.082723
0.975000 0.055219
0.987500 0.027631
1.000000 0.000000
0.000000 0.000000
0.012500 0.019460
0.025000 0.038891
0.037500 0.058261
0.050000 0.077542
0.062500 0.096703
0.075000 0.115714
0.087500 0.134548
0.100000 0.153174
0.112500 0.171564
0.125000 0.189689
0.137500 0.207522
0.150000 0.225034
0.162500 0.242200
0.175000 0.258993
0.187500 0.275386
0.200000 0.291354
0.212500 0.306873
0.225000 0.321919
0.237500 0.336469
0.250000 0.350499
0.262500 0.363990
0.275000 0.376919
0.287500 0.389267
0.300000 0.401014
0.312500 0.412144
0.325000 0.422637
0.337500 0.432480
0.350000 0.441655
0.362500 0.450149
0.375000 0.457949
0.387500 0.465043
0.400000 0.471421
0.412500 0.477071
0.425000 0.481985
0.437500 0.486156
0.450000 0.489578
0.462500 0.492245
0.475000 0.494153
0.487500 0.495299
0.500000 0.495681
0.512500 0.495299
0.525000 0.494153
0.537500 0.492245
0.550000 0.489578
0.562500 0.486156
0.575000 0.481985
0.587500 0.477071
0.600000 0.471421
0.612500 0.465043
0.625000 0.457949
0.637500 0.450149
0.650000 0.441655
0.662500 0.432480
0.675000 0.422637
0.687500 0.412144
0.700000 0.401014
0.712500 0.389267
0.725000 0.376919
0.737500 0.363990
0.750000 0.350499
0.762500 0.336469
0.775000 0.321919
0.787500 0.306873
0.800000 0.291354
0.812500 0.275386
0.825000 0.258993
0.837500 0.242200
0.850000 0.225034
0.862500 0.207522
0.875000 0.189689
0.887500 0.171564
0.900000 0.153174
0.912500 0.134548
0.925000 0.115714
0.937500 0.096703
0.950000 0.077542
0.962500 0.058261
0.975000 0.038891
0.987500 0.019460
1.000000 0.000000
0.000000 0.000000
0.012500 0.013706
0.025000 0.027390
0.037500 0.041033
0.050000 0.054612
0.062500 0.068107
0.075000 0.081497
0.087500 0.094761
0.100000 0.107879
0.112500 0.120831
0.125000 0.133597
0.137500 0.146156
0.150000 0.158490
0.162500 0.170580
0.175000 0.182407
0.187500 0.193952
0.200000 0.205198
0.212500 0.216128
0.225000 0.226725
0.237500 0.236972
0.250000 0.246854
0.262500 0.256355
0.275000 0.265461
0.287500 0.274158
0.300000 0.282431
0.312500 0.290270
0.325000 0.297661
0.337500 0.304592
0.350000 0.311054
0.362500 0.317037
0.375000 0.322531
0.387500 0.327527
0.400000 0.332018
0.412500 0.335997
0.425000 0.339459
0.437500 0.342397
0.450000 0.344806
0.462500 0.346685
0.475000 0.348028
0.487500 0.348835
0.500000 0.349105
0.512500 0.348835
0.525000 0.348028
0.537500 0.346685
0.550000 0.344806
0.562500 0.342397
0.575000 0.339459
0.587500 0.335997
0.600000 0.332018
0.612500 0.327527
0.625000 0.322531
0.637500 0.317037
0.650000 0.311054
0.662500 0.304592
0.675000 0.297661
0.687500 0.290270
0.700000 0.282431
0.712500 0.274158
0.725000 0.265461
0.737500 0.256355
0.750000 0.246854
0.762500 0.236972
0.775000 0.226725
0.787500 0.216128
0.800000 0.205198
0.812500 0.193952
0.825000 0.182407
0.837500 0.170580
0.850000 0.158490
0.862500 0.146156
0.875000 0.133597
0.887500 0.120831
0.900000 0.107879
0.912500 0.094761
0.925000 0.081497
0.937500 0.068107
0.950000 0.054612
0.962500 0.041033
0.975000 0.027390
0.987500 0.013706
1.000000 0.000000
0.000000 0.000000
0.012500 0.009653
0.025000 0.019291
0.037500 0.028899
0.050000 0.038463
0.062500 0.047967
0.075000 0.057398
0.087500 0.066740
0.100000 0.075979
0.112500 0.085100
0.125000 0.094091
0.137500 0.102937
0.150000 0.111623
0.162500 0.120138
0.175000 0.128468
0.187500 0.136599
0.200000 0.144520
0.212500 0.152218
0.225000 0.159681
0.237500 0.166898
0.250000 0.173858
0.262500 0.180549
0.275000 0.186962
0.287500 0.193087
0.300000 0.198914
0.312500 0.204435
0.325000 0.209640
0.337500 0.214522
0.350000 0.219073
0.362500 0.223287
0.375000 0.227156
0.387500 0.230675
0.400000 0.233838
0.412500 0.236641
0.425000 0.239078
0.437500 0.241147
0.450000 0.242845
0.462500 0.244168
0.475000 0.245114
0.487500 0.245682
0.500000 0.245872
0.512500 0.245682
0.525000 0.245114
0.537500 0.244168
0.550000 0.242845
0.562500 0.241147
0.575000 0.239078
0.587500 0.236641
0.600000 0.233838
0.612500 0.230675
0.625000 0.227156
0.637500 0.223287
0.650000 0.219073
0.662500 0.214522
0.675000 0.209640
0.687500 0.204435
0.700000 0.198914
0.712500 0.193087
0.725000 0.186962
0.737500 0.180549
0.750000 0.173858
0.762500 0.166898
0.775000 0.159681
0.787500 0.152218
0.800000 0.144520
0.812500 0.136599
0.825000 0.128468
0.837500 0.120138
0.850000 0.111623
0.862500 0.102937
0.875000 0.094091
0.887500 0.085100
0.900000 0.075979
0.912500 0.066740
0.925000 0.057398
0.937500 0.047967
0.950000 0.038463
0.962500 0.028899
0.975000 0.019291
0.987500 0.009653
1.000000 0.000000
0.000000 0.000000
0.012500 0.006798
0.025000 0.013586
0.037500 0.020353
0.050000 0.027089
0.062500 0.033783
0.075000 0.040425
0.087500 0.047004
0.100000 0.053511
0.112500 0.059936
0.125000 0.066268
0.137500 0.072498
0.150000 0.078616
0.162500 0.084612
0.175000 0.090479
0.187500 0.096206
0.200000 0.101784
0.212500 0.107206
0.225000 0.112462
0.237500 0.117545
0.250000 0.122447
0.262500 0.127160
0.275000 0.131676
0.287500 0.135990
0.300000 0.140094
0.312500 0.143982
0.325000 0.147648
0.337500 0.151086
0.350000 0.154292
0.362500 0.157259
0.375000 0.159984
0.387500 0.162463
0.400000 0.164690
0.412500 0.166664
0.425000 0.168381
0.437500 0.169838
0.450000 0.171034
0.462500 0.171965
0.475000 0.172632
0.487500 0.173032
0.500000 0.173166
0.512500 0.173032
0.525000 0.172632
0.537500 0.171965
0.550000 0.171034
0.562500 0.169838
0.575000 0.168381
0.587500 0.166664
0.600000 0.164690
0.612500 0.162463
0.625000 0.159984
0.637500 0.157259
0.650000 0.154292
0.662500 0.151086
0.675000 0.147648
0.687500 0.143982
0.700000 0.140094
0.712500 0.135990
0.725000 0.131676
0.737500 0.127160
0.750000 0.122447
0.762500 0.117545
0.775000 0.112462
0.787500 0.107206
0.800000 0.101784
0.812500 0.096206
0.825000 0.090479
0.837500 0.084612
0.850000 0.078616
0.862500 0.072498
0.875000 0.066268
0.887500 0.059936
0.900000 0.053511
0.912500 0.047004
0.925000 0.040425
0.937500 0.033783
0.950000 0.027089
0.962500 0.020353
0.975000 0.013586
0.987500 0.006798
1.000000 0.000000
0.000000 0.000000
0.012500 0.004788
0.025000 0.009569
0.037500 0.014335
0.050000 0.019079
0.062500 0.023793
0.075000 0.028471
0.087500 0.033105
0.100000 0.037688
0.112500 0.042212
0.125000 0.046672
0.137500 0.051060
0.150000 0.055368
0.162500 0.059592
0.175000 0.063724
0.187500 0.067757
0.200000 0.071686
0.212500 0.075504
0.225000 0.079206
0.237500 0.082786
0.250000 0.086238
0.262500 0.089558
0.275000 0.092739
0.287500 0.095777
0.300000 0.098667
0.312500 0.101406
0.325000 0.103988
0.337500 0.106409
0.350000 0.108667
0.362500 0.110757
0.375000 0.112676
0.387500 0.114421
0.400000 0.115990
0.412500 0.117381
0.425000 0.118590
0.437500 0.119616
0.450000 0.120458
0.462500 0.121114
0.475000 0.121583
0.487500 0.121865
0.500000 0.121959
0.512500 0.121865
0.525000 0.121583
0.537500 0.121114
0.550000 0.120458
0.562500 0.119616
0.575000 0.118590
0.587500 0.117381
0.600000 0.115990
0.612500 0.114421
0.625000 0.112676
0.637500 0.110757
0.650000 0.108667
0.662500 0.106409
0.675000 0.103988
0.687500 0.101406
0.700000 0.098667
0.712500 0.095777
0.725000 0.092739
0.737500 0.089558
0.750000 0.086238
0.762500 0.082786
0.775000 0.079206
0.787500 0.075504
0.800000 0.071686
0.812500 0.067757
0.825000 0.063724
0.837500 0.059592
0.850000 0.055368
0.862500 0.051060
0.875000 0.046672
0.887500 0.042212
0.900000 0.037688
0.912500 0.033105
0.925000 0.028471
0.937500 0.023793
0.950000 0.019079
0.962500 0.014335
0.975000 0.009569
0.987500 0.004788
1.000000 0.000000
0.000000 0.000000
0.012500 0.003372
0.025000 0.006739
0.037500 0.010096
0.050000 0.013437
0.062500 0.016757
0.075000 0.020052
0.087500 0.023315
0.100000 0.026543
0.112500 0.029730
0.125000 0.032871
0.137500 0.035961
0.150000 0.038996
0.162500 0.041970
0.175000 0.044880
0.187500 0.047721
0.200000 0.050488
0.212500 0.053177
0.225000 0.055784
0.237500 0.058306
0.250000 0.060737
0.262500 0.063075
0.275000 0.065315
0.287500 0.067455
0.300000 0.069491
0.312500 0.071419
0.325000 0.073238
0.337500 0.074943
0.350000 0.076533
0.362500 0.078005
0.375000 0.079357
0.387500 0.080586
0.400000 0.081691
0.412500 0.082670
0.425000 0.083522
0.437500 0.084245
0.450000 0.084838
0.462500 0.085300
0.475000 0.085630
0.487500 0.085829
0.500000 0.085895
0.512500 0.085829
0.525000 0.085630
0.537500 0.085300
0.550000 0.084838
0.562500 0.084245
0.575000 0.083522
0.587500 0.082670
0.600000 0.081691
0.612500 0.080586
0.625000 0.079357
0.637500 0.078005
0.650000 0.076533
0.662500 0.074943
0.675000 0.073238
0.687500 0.071419
0.700000 0.069491
0.712500 0.067455
0.725000 0.065315
0.737500 0.063075
0.750000 0.060737
0.762500 0.058306
0.775000 0.055784
0.787500 0.053177
0.800000 0.050488
0.812500 0.047721
0.825000 0.044880
0.837500 0.041970
0.850000 0.038996
0.862500 0.035961
0.875000 0.032871
0.887500 0.029730
0.900000 0.026543
0.912500 0.023315
0.925000 0.020052
0.937500 0.016757
0.950000 0.013437
0.962500 0.010096
0.975000 0.006739
0.987500 0.003372
1.000000 0.000000
0.000000 0.000000
0.012500 0.002375
0.025000 0.004746
0.037500 0.007110
0.050000 0.009464
0.062500 0.011802
0.075000 0.014122
0.087500 0.016421
0.100000 0.018694
0.112500 0.020938
0.125000 0.023151
0.137500 0.025327
0.150000 0.027464
0.162500 0.029559
0.175000 0.031609
0.187500 0.033609
0.200000 0.035558
0.212500 0.037452
0.225000 0.039289
0.237500 0.041064
0.250000 0.042777
0.262500 0.044423
0.275000 0.046001
0.287500 0.047508
0.300000 0.048942
0.312500 0.050300
0.325000 0.051581
0.337500 0.052782
0.350000 0.053902
0.362500 0.054938
0.375000 0.055890
0.387500 0.056756
0.400000 0.057535
0.412500 0.058224
0.425000 0.058824
0.437500 0.059333
0.450000 0.059751
0.462500 0.060076
0.475000 0.060309
0.487500 0.060449
0.500000 0.060495
0.512500 0.060449
0.525000 0.060309
0.537500 0.060076
0.550000 0.059751
0.562500 0.059333
0.575000 0.058824
0.587500 0.058224
0.600000 0.057535
0.612500 0.056756
0.625000 0.055890
0.637500 0.054938
0.650000 0.053902
0.662500 0.052782
0.675000 0.051581
0.687500 0.050300
0.700000 0.048942
0.712500 0.047508
0.725000 0.046001
0.737500 0.044423
0.750000 0.042777
0.762500 0.041064
0.775000 0.039289
0.787500 0.037452
0.800000 0.035558
0.812500 0.033609
0.825000 0.031609
0.837500 0.029559
0.850000 0.027464
0.862500 0.025327
0.875000 0.023151
0.887500 0.020938
0.900000 0.018694
0.912500 0.016421
0.925000 0.014122
0.937500 0.011802
0.950000 0.009464
0.962500 0.007110
0.975000 0.004746
0.987500 0.002375
1.000000 0.000000
0.000000 0.000000
0.012500 0.001673
0.025000 0.003343
0.037500 0.005008
0.050000 0.006665
0.062500 0.008312
0.075000 0.009946
0.087500 0.011565
0.100000 0.013166
0.112500 0.014747
0.125000 0.016305
0.137500 0.017838
0.150000 0.019343
0.162500 0.020818
0.175000 0.022262
0.187500 0.023671
0.200000 0.025043
0.212500 0.026377
0.225000 0.027671
0.237500 0.028921
0.250000 0.030127
0.262500 0.031287
0.275000 0.032398
0.287500 0.033460
0.300000 0.034469
0.312500 0.035426
0.325000 0.036328
0.337500 0.037174
0.350000 0.037963
0.362500 0.038693
0.375000 0.039363
0.387500 0.039973
0.400000 0.040521
0.412500 0.041007
0.425000 0.041429
0.437500 0.041788
0.450000 0.042082
0.462500 0.042311
0.475000 0.042475
0.487500 0.042574
0.500000 0.042606
0.512500 0.042574
0.525000 0.042475
0.537500 0.042311
0.550000 0.042082
0.562500 0.041788
0.575000 0.041429
0.587500 0.041007
0.600000 0.040521
0.612500 0.039973
0.625000 0.039363
0.637500 0.038693
0.650000 0.037963
0.662500 0.037174
0.675000 0.036328
0.687500 0.035426
0.700000 0.034469
0.712500 0.033460
0.725000 0.032398
0.737500 0.031287
0.750000 0.030127
0.762500 0.028921
0.775000 0.027671
0.787500 0.026377
0.800000 0.025043
0.812500 0.023671
0.825000 0.022262
0.837500 0.020818
0.850000 0.019343
0.862500 0.017838
0.875000 0.016305
0.887500 0.014747
0.900000 0.013166
0.912500 0.011565
0.925000 0.009946
0.937500 0.008312
0.950000 0.006665
0.962500 0.005008
0.975000 0.003343
0.987500 0.001673
1.000000 0.000000
0.000000 0.000000
0.012500 0.001178
0.025000 0.002354
0.037500 0.003527
0.050000 0.004694
0.062500 0.005854
0.075000 0.007005
0.087500 0.008145
0.100000 0.009273
0.112500 0.010386
0.125000 0.011483
0.137500 0.012563
0.150000 0.013623
0.162500 0.014662
0.175000 0.015679
0.187500 0.016671
0.200000 0.017638
0.212500 0.018577
0.225000 0.019488
0.237500 0.020369
0.250000 0.021218
0.262500 0.022035
0.275000 0.022818
0.287500 0.023565
0.300000 0.024277
0.312500 0.024950
0.325000 0.025586
0.337500 0.026181
0.350000 0.026737
0.362500 0.027251
0.375000 0.027723
0.387500 0.028153
0.400000 0.028539
0.412500 0.028881
0.425000 0.029178
0.437500 0.029431
0.450000 0.029638
0.462500 0.029799
0.475000 0.029915
0.487500 0.029984
0.500000 0.030007
0.512500 0.029984
0.525000 0.029915
0.537500 0.029799
0.550000 0.029638
0.562500 0.029431
0.575000 0.029178
0.587500 0.028881
0.600000 0.028539
0.612500 0.028153
0.625000 0.027723
0.637500 0.027251
0.650000 0.026737
0.662500 0.026181
0.675000 0.025586
0.687500 0.024950
0.700000 0.024277
0.712500 0.023565
0.725000 0.022818
0.737500 0.022035
0.750000 0.021218
0.762500 0.020369
0.775000 0.019488
0.787500 0.018577
0.800000 0.017638
0.812500 0.016671
0.825000 0.015679
0.837500 0.014662
0.850000 0.013623
0.862500 0.012563
0.875000 0.011483
0.887500 0.010386
0.900000 0.009273
0.912500 0.008145
0.925000 0.007005
0.937500 0.005854
0.950000 0.004694
0.962500 0.003527
0.975000 0.002354
0.987500 0.001178
1.000000 0.000000
0.000000 0.000000
0.012500 0.000830
0.025000 0.001658
0.037500 0.002484
0.050000 0.003306
0.062500 0.004123
0.075000 0.004934
0.087500 0.005737
0.100000 0.006531
0.112500 0.007315
0.125000 0.008088
0.137500 0.008848
0.150000 0.009595
0.162500 0.010327
0.175000 0.011042
0.187500 0.011741
0.200000 0.012422
0.212500 0.013084
0.225000 0.013725
0.237500 0.014346
0.250000 0.014944
0.262500 0.015519
0.275000 0.016070
0.287500 0.016597
0.300000 0.017098
0.312500 0.017572
0.325000 0.018020
0.337500 0.018439
0.350000 0.018831
0.362500 0.019193
0.375000 0.019525
0.387500 0.019828
0.400000 0.020100
0.412500 0.020341
0.425000 0.020550
0.437500 0.020728
0.450000 0.020874
0.462500 0.020988
0.475000 0.021069
0.487500 0.021118
0.500000 0.021134
0.512500 0.021118
0.525000 0.021069
0.537500 0.020988
0.550000 0.020874
0.562500 0.020728
0.575000 0.020550
0.587500 0.020341
0.600000 0.020100
0.612500 0.019828
0.625000 0.019525
0.637500 0.019193
0.650000 0.018831
0.662500 0.018439
0.675000 0.018020
0.687500 0.017572
0.700000 0.017098
0.712500 0.016597
0.725000 0.016070
0.737500 0.015519
0.750000 0.014944
0.762500 0.014346
0.775000 0.013725
0.787500 0.013084
0.800000 0.012422
0.812500 0.011741
0.825000 0.011042
0.837500 0.010327
0.850000 0.009595
0.862500 0.008848
0.875000 0.008088
0.887500 0.007315
0.900000 0.006531
0.912500 0.005737
0.925000 0.004934
0.937500 0.004123
0.950000 0.003306
0.962500 0.002484
0.975000 0.001658
0.987500 0.000830
1.000000 0.000000
0.000000 0.000000
0.012500 0.000584
0.025000 0.001168
0.037500 0.001749
0.050000 0.002328
0.062500 0.002904
0.075000 0.003475
0.087500 0.004040
0.100000 0.004600
0.112500 0.005152
0.125000 0.005696
0.137500 0.006232
0.150000 0.006757
0.162500 0.007273
0.175000 0.007777
0.187500 0.008269
0.200000 0.008749
0.212500 0.009215
0.225000 0.009667
0.237500 0.010104
0.250000 0.010525
0.262500 0.010930
0.275000 0.011318
0.287500 0.011689
0.300000 0.012042
0.312500 0.012376
0.325000 0.012691
0.337500 0.012987
0.350000 0.013262
0.362500 0.013517
0.375000 0.013752
0.387500 0.013965
0.400000 0.014156
0.412500 0.014326
0.425000 0.014473
0.437500 0.014599
0.450000 0.014701
0.462500 0.014781
0.475000 0.014839
0.487500 0.014873
0.500000 0.014885
0.512500 0.014873
0.525000 0.014839
0.537500 0.014781
0.550000 0.014701
0.562500 0.014599
0.575000 0.014473
0.587500 0.014326
0.600000 0.014156
0.612500 0.013965
0.625000 0.013752
0.637500 0.013517
0.650000 0.013262
0.662500 0.012987
0.675000 0.012691
0.687500 0.012376
0.700000 0.012042
0.712500 0.011689
0.725000 0.011318
0.737500 0.010930
0.750000 0.010525
0.762500 0.010104
0.775000 0.009667
0.787500 0.009215
0.800000 0.008749
0.812500 0.008269
0.825000 0.007777
0.837500 0.007273
0.850000 0.006757
0.862500 0.006232
0.875000 0.005696
0.887500 0.005152
0.900000 0.004600
0.912500 0.004040
0.925000 0.003475
0.937500 0.002904
0.950000 0.002328
0.962500 0.001749
0.975000 0.001168
0.987500 0.000584
1.000000 0.000000
0.000000 0.000000
0.012500 0.000412
0.025000 0.000822
0.037500 0.001232
0.050000 0.001640
0.062500 0.002045
0.075000 0.002447
0.087500 0.002846
0.100000 0.003239
0.112500 0.003628
0.125000 0.004012
0.137500 0.004389
0.150000 0.004759
0.162500 0.005122
0.175000 0.005477
0.187500 0.005824
0.200000 0.006162
0.212500 0.006490
0.225000 0.006808
0.237500 0.007116
0.250000 0.007413
0.262500 0.007698
0.275000 0.007971
0.287500 0.008233
0.300000 0.008481
0.312500 0.008716
0.325000 0.008938
0.337500 0.009146
0.350000 0.009340
0.362500 0.009520
0.375000 0.009685
0.387500 0.009835
0.400000 0.009970
0.412500 0.010089
0.425000 0.010193
0.437500 0.010282
0.450000 0.010354
0.462500 0.010410
0.475000 0.010451
0.487500 0.010475
0.500000 0.010483
0.512500 0.010475
0.525000 0.010451
0.537500 0.010410
0.550000 0.010354
0.562500 0.010282
0.575000 0.010193
0.587500 0.010089
0.600000 0.009970
0.612500 0.009835
0.625000 0.009685
0.637500 0.009520
0.650000 0.009340
0.662500 0.009146
0.675000 0.008938
0.687500 0.008716
0.700000 0.008481
0.712500 0.008233
0.725000 0.007971
0.737500 0.007698
0.750000 0.007413
0.762500 0.007116
0.775000 0.006808
0.787500 0.006490
0.800000 0.006162
0.812500 0.005824
0.825000 0.005477
0.837500 0.005122
0.850000 0.004759
0.862500 0.004389
0.875000 0.004012
0.887500 0.003628
0.900000 0.003239
0.912500 0.002846
0.925000 0.002447
0.937500 0.002045
0.950000 0.001640
0.962500 0.001232
0.975000 0.000822
0.987500 0.000412
1.000000 0.000000
0.000000 0.000000
0.012500 0.000290
0.025000 0.000579
0.037500 0.000868
0.050000 0.001155
0.062500 0.001440
0.075000 0.001724
0.087500 0.002004
0.100000 0.002282
0.112500 0.002555
0.125000 0.002825
0.137500 0.003091
0.150000 0.003352
0.162500 0.003608
0.175000 0.003858
0.187500 0.004102
0.200000 0.004340
0.212500 0.004571
0.225000 0.004795
0.237500 0.005012
0.250000 0.005221
0.262500 0.005422
0.275000 0.005614
0.287500 0.005798
0.300000 0.005973
0.312500 0.006139
0.325000 0.006295
0.337500 0.006442
0.350000 0.006578
0.362500 0.006705
0.375000 0.006821
0.387500 0.006927
0.400000 0.007022
0.412500 0.007106
0.425000 0.007179
0.437500 0.007241
0.450000 0.007292
0.462500 0.007332
0.475000 0.007360
0.487500 0.007377
0.500000 0.007383
0.512500 0.007377
0.525000 0.007360
0.537500 0.007332
0.550000 0.007292
0.562500 0.007241
0.575000 0.007179
0.587500 0.007106
0.600000 0.007022
0.612500 0.006927
0.625000 0.006821
0.637500 0.006705
0.650000 0.006578
0.662500 0.006442
0.675000 0.006295
0.687500 0.006139
0.700000 0.005973
0.712500 0.005798
0.725000 0.005614
0.737500 0.005422
0.750000 0.005221
0.762500 0.005012
0.775000 0.004795
0.787500 0.004571
0.800000 0.004340
0.812500 0.004102
0.825000 0.003858
0.837500 0.003608
0.850000 0.003352
0.862500 0.003091
0.875000 0.002825
0.887500 0.002555
0.900000 0.002282
0.912500 0.002004
0.925000 0.001724
0.937500 0.001440
0.950000 0.001155
0.962500 0.000868
0.975000 0.000579
0.987500 0.000290
1.000000 0.000000
0.000000 0.000000
0.012500 0.000204
0.025000 0.000408
0.037500 0.000611
0.050000 0.000813
0.062500 0.001014
0.075000 0.001214
0.087500 0.001411
0.100000 0.001607
0.112500 0.001800
0.125000 0.001990
0.137500 0.002177
0.150000 0.002361
0.162500 0.002541
0.175000 0.002717
0.187500 0.002889
0.200000 0.003056
0.212500 0.003219
0.225000 0.003377
0.237500 0.003530
0.250000 0.003677
0.262500 0.003818
0.275000 0.003954
0.287500 0.004084
0.300000 0.004207
0.312500 0.004324
0.325000 0.004434
0.337500 0.004537
0.350000 0.004633
0.362500 0.004722
0.375000 0.004804
0.387500 0.004879
0.400000 0.004945
0.412500 0.005005
0.425000 0.005056
0.437500 0.005100
0.450000 0.005136
0.462500 0.005164
0.475000 0.005184
0.487500 0.005196
0.500000 0.005200
0.512500 0.005196
0.525000 0.005184
0.537500 0.005164
0.550000 0.005136
0.562500 0.005100
0.575000 0.005056
0.587500 0.005005
0.600000 0.004945
0.612500 0.004879
0.625000 0.004804
0.637500 0.004722
0.650000 0.004633
0.662500 0.004537
0.675000 0.004434
0.687500 0.004324
0.700000 0.004207
0.712500 0.004084
0.725000 0.003954
0.737500 0.003818
0.750000 0.003677
0.762500 0.003530
0.775000 0.003377
0.787500 0.003219
0.800000 0.003056
0.812500 0.002889
0.825000 0.002717
0.837500 0.002541
0.850000 0.002361
0.862500 0.002177
0.875000 0.001990
0.887500 0.001800
0.900000 0.001607
0.912500 0.001411
0.925000 0.001214
0.937500 0.001014
0.950000 0.000813
0.962500 0.000611
0.975000 0.000408
0.987500 0.000204
1.000000 0.000000
0.000000 0.000000
0.012500 0.000144
0.025000 0.000287
0.037500 0.000430
0.050000 0.000573
0.062500 0.000714
0.075000 0.000855
0.087500 0.000994
0.100000 0.001132
0.112500 0.001268
0.125000 0.001401
0.137500 0.001533
0.150000 0.001663
0.162500 0.001789
0.175000 0.001914
0.187500 0.002035
0.200000 0.002153
0.212500 0.002267
0.225000 0.002378
0.237500 0.002486
0.250000 0.002590
0.262500 0.002689
0.275000 0.002785
0.287500 0.002876
0.300000 0.002963
0.312500 0.003045
0.325000 0.003123
0.337500 0.003195
0.350000 0.003263
0.362500 0.003326
0.375000 0.003383
0.387500 0.003436
0.400000 0.003483
0.412500 0.003525
0.425000 0.003561
0.437500 0.003592
0.450000 0.003617
0.462500 0.003637
0.475000 0.003651
0.487500 0.003659
0.500000 0.003662
0.512500 0.003659
0.525000 0.003651
0.537500 0.003637
0.550000 0.003617
0.562500 0.003592
0.575000 0.003561
0.587500 0.003525
0.600000 0.003483
0.612500 0.003436
0.625000 0.003383
0.637500 0.003326
0.650000 0.003263
0.662500 0.003195
0.675000 0.003123
0.687500 0.003045
0.700000 0.002963
0.712500 0.002876
0.725000 0.002785
0.737500 0.002689
0.750000 0.002590
0.762500 0.002486
0.775000 0.002378
0.787500 0.002267
0.800000 0.002153
0.812500 0.002035
0.825000 0.001914
0.837500 0.001789
0.850000 0.001663
0.862500 0.001533
0.875000 0.001401
0.887500 0.001268
0.900000 0.001132
0.912500 0.000994
0.925000 0.000855
0.937500 0.000714
0.950000 0.000573
0.962500 0.000430
0.975000 0.000287
0.987500 0.000144
1.000000 0.000000
0.000000 0.000000
0.012500 0.000101
0.025000 0.000202
0.037500 0.000303
0.050000 0.000403
0.062500 0.000503
0.075000 0.000602
0.087500 0.000700
0.100000 0.000797
0.112500 0.000893
0.125000 0.000987
0.137500 0.001080
0.150000 0.001171
0.162500 0.001260
0.175000 0.001348
0.187500 0.001433
0.200000 0.001516
0.212500 0.001597
0.225000 0.001675
0.237500 0.001751
0.250000 0.001824
0.262500 0.001894
0.275000 0.001961
0.287500 0.002026
0.300000 0.002087
0.312500 0.002145
0.325000 0.002199
0.337500 0.002250
0.350000 0.002298
0.362500 0.002342
0.375000 0.002383
0.387500 0.002420
0.400000 0.002453
0.412500 0.002482
0.425000 0.002508
0.437500 0.002530
0.450000 0.002548
0.462500 0.002561
0.475000 0.002571
0.487500 0.002577
0.500000 0.002579
0.512500 0.002577
0.525000 0.002571
0.537500 0.002561
0.550000 0.002548
0.562500 0.002530
0.575000 0.002508
0.587500 0.002482
0.600000 0.002453
0.612500 0.002420
0.625000 0.002383
0.637500 0.002342
0.650000 0.002298
0.662500 0.002250
0.675000 0.002199
0.687500 0.002145
0.700000 0.002087
0.712500 0.002026
0.725000 0.001961
0.737500 0.001894
0.750000 0.001824
0.762500 0.001751
0.775000 0.001675
0.787500 0.001597
0.800000 0.001516
0.812500 0.001433
0.825000 0.001348
0.837500 0.001260
0.850000 0.001171
0.862500 0.001080
0.875000 0.000987
0.887500 0.000893
0.900000 0.000797
0.912500 0.000700
0.925000 0.000602
0.937500 0.000503
0.950000 0.000403
0.962500 0.000303
0.975000 0.000202
0.987500 0.000101
1.000000 0.000000
0.000000 0.000000
0.012500 0.000071
0.025000 0.000143
0.037500 0.000214
0.050000 0.000284
0.062500 0.000354
0.075000 0.000424
0.087500 0.000493
0.100000 0.000561
0.112500 0.000629
0.125000 0.000695
0.137500 0.000761
0.150000 0.000825
0.162500 0.000888
0.175000 0.000949
0.187500 0.001009
0.200000 0.001068
0.212500 0.001125
0.225000 0.001180
0.237500 0.001233
0.250000 0.001285
0.262500 0.001334
0.275000 0.001381
0.287500 0.001427
0.300000 0.001470
0.312500 0.001510
0.325000 0.001549
0.337500 0.001585
0.350000 0.001619
0.362500 0.001650
0.375000 0.001678
0.387500 0.001704
0.400000 0.001728
0.412500 0.001748
0.425000 0.001766
0.437500 0.001782
0.450000 0.001794
0.462500 0.001804
0.475000 0.001811
0.487500 0.001815
0.500000 0.001817
0.512500 0.001815
0.525000 0.001811
0.537500 0.001804
0.550000 0.001794
0.562500 0.001782
0.575000 0.001766
0.587500 0.001748
0.600000 0.001728
0.612500 0.001704
0.625000 0.001678
0.637500 0.001650
0.650000 0.001619
0.662500 0.001585
0.675000 0.001549
0.687500 0.001510
0.700000 0.001470
0.712500 0.001427
0.725000 0.001381
0.737500 0.001334
0.750000 0.001285
0.762500 0.001233
0.775000 0.001180
0.787500 0.001125
0.800000 0.001068
0.812500 0.001009
0.825000 0.000949
0.837500 0.000888
0.850000 0.000825
0.862500 0.000761
0.875000 0.000695
0.887500 0.000629
0.900000 0.000561
0.912500 0.000493
0.925000 0.000424
0.937500 0.000354
0.950000 0.000284
0.962500 0.000214
0.975000 0.000143
0.987500 0.000071
1.000000 0.000000
0.000000 0.000000
0.012500 0.000050
0.025000 0.000100
0.037500 0.000150
0.050000 0.000200
0.062500 0.000250
0.075000 0.000299
0.087500 0.000347
0.100000 0.000395
0.112500 0.000443
0.125000 0.000490
0.137500 0.000536
0.150000 0.000581
0.162500 0.000625
0.175000 0.000668
0.187500 0.000711
0.200000 0.000752
0.212500 0.000792
0.225000 0.000831
0.237500 0.000868
0.250000 0.000905
0.262500 0.000939
0.275000 0.000973
0.287500 0.001005
0.300000 0.001035
0.312500 0.001064
0.325000 0.001091
0.337500 0.001116
0.350000 0.001140
0.362500 0.001162
0.375000 0.001182
0.387500 0.001200
0.400000 0.001217
0.412500 0.001231
0.425000 0.001244
0.437500 0.001255
0.450000 0.001264
0.462500 0.001271
0.475000 0.001275
0.487500 0.001278
0.500000 0.001279
0.512500 0.001278
0.525000 0.001275
0.537500 0.001271
0.550000 0.001264
0.562500 0.001255
0.575000 0.001244
0.587500 0.001231
0.600000 0.001217
0.612500 0.001200
0.625000 0.001182
0.637500 0.001162
0.650000 0.001140
0.662500 0.001116
0.675000 0.001091
0.687500 0.001064
0.700000 0.001035
0.712500 0.001005
0.725000 0.000973
0.737500 0.000939
0.750000 0.000905
0.762500 0.000868
0.775000 0.000831
0.787500 0.000792
0.800000 0.000752
0.812500 0.000711
0.825000 0.000668
0.837500 0.000625
0.850000 0.000581
0.862500 0.000536
0.875000 0.000490
0.887500 0.000443
0.900000 0.000395
0.912500 0.000347
0.925000 0.000299
0.937500 0.000250
0.950000 0.000200
0.962500 0.000150
0.975000 0.000100
0.987500 0.000050
1.000000 0.000000
0.000000 0.000000
0.012500 0.000035
0.025000 0.000071
0.037500 0.000106
0.050000 0.000141
0.062500 0.000176
0.075000 0.000210
0.087500 0.000245
0.100000 0.000278
0.112500 0.000312
0.125000 0.000345
0.137500 0.000377
0.150000 0.000409
0.162500 0.000440
0.175000 0.000471
0.187500 0.000501
0.200000 0.000530
0.212500 0.000558
0.225000 0.000585
0.237500 0.000612
0.250000 0.000637
0.262500 0.000662
0.275000 0.000685
0.287500 0.000708
0.300000 0.000729
0.312500 0.000749
0.325000 0.000768
0.337500 0.000786
0.350000 0.000803
0.362500 0.000818
0.375000 0.000832
0.387500 0.000845
0.400000 0.000857
0.412500 0.000867
0.425000 0.000876
0.437500 0.000884
0.450000 0.000890
0.462500 0.000895
0.475000 0.000898
0.487500 0.000900
0.500000 0.000901
0.512500 0.000900
0.525000 0.000898
0.537500 0.000895
0.550000 0.000890
0.562500 0.000884
0.575000 0.000876
0.587500 0.000867
0.600000 0.000857
0.612500 0.000845
0.625000 0.000832
0.637500 0.000818
0.650000 0.000803
0.662500 0.000786
0.675000 0.000768
0.687500 0.000749
0.700000 0.000729
0.712500 0.000708
0.725000 0.000685
0.737500 0.000662
0.750000 0.000637
0.762500 0.000612
0.775000 0.000585
0.787500 0.000558
0.800000 0.000530
0.812500 0.000501
0.825000 0.000471
0.837500 0.000440
0.850000 0.000409
0.862500 0.000377
0.875000 0.000345
0.887500 0.000312
0.900000 0.000278
0.912500 0.000245
0.925000 0.000210
0.937500 0.000176
0.950000 0.000141
0.962500 0.000106
0.975000 0.000071
0.987500 0.000035
1.000000 0.000000
0.000000 0.000000
0.012500 0.000025
0.025000 0.000050
0.037500 0.000075
0.050000 0.000099
0.062500 0.000124
0.075000 0.000148
0.087500 0.000172
0.100000 0.000196
0.112500 0.000220
0.125000 0.000243
0.137500 0.000266
0.150000 0.000288
0.162500 0.000310
0.175000 0.000332
0.187500 0.000353
0.200000 0.000373
0.212500 0.000393
0.225000 0.000412
0.237500 0.000431
0.250000 0.000449
0.262500 0.000466
0.275000 0.000483
0.287500 0.000498
0.300000 0.000513
0.312500 0.000528
0.325000 0.000541
0.337500 0.000554
0.350000 0.000565
0.362500 0.000576
0.375000 0.000586
0.387500 0.000595
0.400000 0.000604
0.412500 0.000611
0.425000 0.000617
0.437500 0.000622
0.450000 0.000627
0.462500 0.000630
0.475000 0.000633
0.487500 0.000634
0.500000 0.000635
0.512500 0.000634
0.525000 0.000633
0.537500 0.000630
0.550000 0.000627
0.562500 0.000622
0.575000 0.000617
0.587500 0.000611
0.600000 0.000604
0.612500 0.000595
0.625000 0.000586
0.637500 0.000576
0.650000 0.000565
0.662500 0.000554
0.675000 0.000541
0.687500 0.000528
0.700000 0.000513
0.712500 0.000498
0.725000 0.000483
0.737500 0.000466
0.750000 0.000449
0.762500 0.000431
0.775000 0.000412
0.787500 0.000393
0.800000 0.000373
0.812500 0.000353
0.825000 0.000332
0.837500 0.000310
0.850000 0.000288
0.862500 0.000266
0.875000 0.000243
0.887500 0.000220
0.900000 0.000196
0.912500 0.000172
0.925000 0.000148
0.937500 0.000124
0.950000 0.000099
0.962500 0.000075
0.975000 0.000050
0.987500 0.000025
1.000000 0.000000
0.000000 0.000000
0.012500 0.000018
0.025000 0.000035
0.037500 0.000053
0.050000 0.000070
0.062500 0.000087
0.075000 0.000104
0.087500 0.000121
0.100000 0.000138
0.112500 0.000155
0.125000 0.000171
0.137500 0.000187
0.150000 0.000203
0.162500 0.000218
0.175000 0.000234
0.187500 0.000248
0.200000 0.000263
0.212500 0.000277
0.225000 0.000290
0.237500 0.000303
0.250000 0.000316
0.262500 0.000328
0.275000 0.000340
0.287500 0.000351
0.300000 0.000362
0.312500 0.000372
0.325000 0.000381
0.337500 0.000390
0.350000 0.000398
0.362500 0.000406
0.375000 0.000413
0.387500 0.000419
0.400000 0.000425
0.412500 0.000430
0.425000 0.000435
0.437500 0.000438
0.450000 0.000441
0.462500 0.000444
0.475000 0.000446
0.487500 0.000447
0.500000 0.000447
0.512500 0.000447
0.525000 0.000446
0.537500 0.000444
0.550000 0.000441
0.562500 0.000438
0.575000 0.000435
0.587500 0.000430
0.600000 0.000425
0.612500 0.000419
0.625000 0.000413
0.637500 0.000406
0.650000 0.000398
0.662500 0.000390
0.675000 0.000381
0.687500 0.000372
0.700000 0.000362
0.712500 0.000351
0.725000 0.000340
0.737500 0.000328
0.750000 0.000316
0.762500 0.000303
0.775000 0.000290
0.787500 0.000277
0.800000 0.000263
0.812500 0.000248
0.825000 0.000234
0.837500 0.000218
0.850000 0.000203
0.862500 0.000187
0.875000 0.000171
0.887500 0.000155
0.900000 0.000138
0.912500 0.000121
0.925000 0.000104
0.937500 0.000087
0.950000 0.000070
0.962500 0.000053
0.975000 0.000035
0.987500 0.000018
1.000000 0.000000
0.000000 0.000000
0.012500 0.000012
0.025000 0.000025
0.037500 0.000037
0.050000 0.000049
0.062500 0.000061
0.075000 0.000073
0.087500 0.000085
0.100000 0.000097
0.112500 0.000109
0.125000 0.000120
0.137500 0.000132
0.150000 0.000143
0.162500 0.000154
0.175000 0.000164
0.187500 0.000175
0.200000 0.000185
0.212500 0.000195
0.225000 0.000204
0.237500 0.000214
0.250000 0.000223
0.262500 0.000231
0.275000 0.000239
0.287500 0.000247
0.300000 0.000255
0.312500 0.000262
0.325000 0.000268
0.337500 0.000275
0.350000 0.000280
0.362500 0.000286
0.375000 0.000291
0.387500 0.000295
0.400000 0.000299
0.412500 0.000303
0.425000 0.000306
0.437500 0.000309
0.450000 0.000311
0.462500 0.000313
0.475000 0.000314
0.487500 0.000315
0.500000 0.000315
0.512500 0.000315
0.525000 0.000314
0.537500 0.000313
0.550000 0.000311
0.562500 0.000309
0.575000 0.000306
0.587500 0.000303
0.600000 0.000299
0.612500 0.000295
0.625000 0.000291
0.637500 0.000286
0.650000 0.000280
0.662500 0.000275
0.675000 0.000268
0.687500 0.000262
0.700000 0.000255
0.712500 0.000247
0.725000 0.000239
0.737500 0.000231
0.750000 0.000223
0.762500 0.000214
0.775000 0.000204
0.787500 0.000195
0.800000 0.000185
0.812500 0.000175
0.825000 0.000164
0.837500 0.000154
0.850000 0.000143
0.862500 0.000132
0.875000 0.000120
0.887500 0.000109
0.900000 0.000097
0.912500 0.000085
0.925000 0.000073
0.937500 0.000061
0.950000 0.000049
0.962500 0.000037
0.975000 0.000025
0.987500 0.000012
1.000000 0.000000
0.000000 0.000000
0.012500 0.000009
0.025000 0.000017
0.037500 0.000026
0.050000 0.000035
0.062500 0.000043
0.075000 0.000052
0.087500 0.000060
0.100000 0.000069
0.112500 0.000077
0.125000 0.000085
0.137500 0.000093
0.150000 0.000101
0.162500 0.000108
0.175000 0.000116
0.187500 0.000123
0.200000 0.000130
0.212500 0.000137
0.225000 0.000144
0.237500 0.000150
0.250000 0.000157
0.262500 0.000163
0.275000 0.000169
0.287500 0.000174
0.300000 0.000179
0.312500 0.000184
0.325000 0.000189
0.337500 0.000193
0.350000 0.000198
0.362500 0.000201
0.375000 0.000205
0.387500 0.000208
0.400000 0.000211
0.412500 0.000213
0.425000 0.000216
0.437500 0.000217
0.450000 0.000219
0.462500 0.000220
0.475000 0.000221
0.487500 0.000222
0.500000 0.000222
0.512500 0.000222
0.525000 0.000221
0.537500 0.000220
0.550000 0.000219
0.562500 0.000217
0.575000 0.000216
0.587500 0.000213
0.600000 0.000211
0.612500 0.000208
0.625000 0.000205
0.637500 0.000201
0.650000 0.000198
0.662500 0.000193
0.675000 0.000189
0.687500 0.000184
0.700000 0.000179
0.712500 0.000174
0.725000 0.000169
0.737500 0.000163
0.750000 0.000157
0.762500 0.000150
0.775000 0.000144
0.787500 0.000137
0.800000 0.000130
0.812500 0.000123
0.825000 0.000116
0.837500 0.000108
0.850000 0.000101
0.862500 0.000093
0.875000 0.000085
0.887500 0.000077
0.900000 0.000069
0.912500 0.000060
0.925000 0.000052
0.937500 0.000043
0.950000 0.000035
0.962500 0.000026
0.975000 0.000017
0.987500 0.000009
1.000000 0.000000
0.000000 0.000000
0.012500 0.000006
0.025000 0.000012
0.037500 0.000018
0.050000 0.000024
0.062500 0.000030
0.075000 0.000036
0.087500 0.000042
0.100000 0.000048
0.112500 0.000054
0.125000 0.000060
0.137500 0.000065
0.150000 0.000071
0.162500 0.000076
0.175000 0.000082
0.187500 0.000087
0.200000 0.000092
0.212500 0.000097
0.225000 0.000101
0.237500 0.000106
0.250000 0.000110
0.262500 0.000115
0.275000 0.000119
0.287500 0.000123
0.300000 0.000126
0.312500 0.000130
0.325000 0.000133
0.337500 0.000136
0.350000 0.000139
0.362500 0.000142
0.375000 0.000144
0.387500 0.000146
0.400000 0.000149
0.412500 0.000150
0.425000 0.000152
0.437500 0.000153
0.450000 0.000154
0.462500 0.000155
0.475000 0.000156
0.487500 0.000156
0.500000 0.000156
0.512500 0.000156
0.525000 0.000156
0.537500 0.000155
0.550000 0.000154
0.562500 0.000153
0.575000 0.000152
0.587500 0.000150
0.600000 0.000149
0.612500 0.000146
0.625000 0.000144
0.637500 0.000142
0.650000 0.000139
0.662500 0.000136
0.675000 0.000133
0.687500 0.000130
0.700000 0.000126
0.712500 0.000123
0.725000 0.000119
0.737500 0.000115
0.750000 0.000110
0.762500 0.000106
0.775000 0.000101
0.787500 0.000097
0.800000 0.000092
0.812500 0.000087
0.825000 0.000082
0.837500 0.000076
0.850000 0.000071
0.862500 0.000065
0.875000 0.000060
0.887500 0.000054
0.900000 0.000048
0.912500 0.000042
0.925000 0.000036
0.937500 0.000030
0.950000 0.000024
0.962500 0.000018
0.975000 0.000012
0.987500 0.000006
1.000000 0.000000
0.000000 0.000000
0.012500 0.000004
0.025000 0.000009
0.037500 0.000013
0.050000 0.000017
0.062500 0.000021
0.075000 0.000026
0.087500 0.000030
0.100000 0.000034
0.112500 0.000038
0.125000 0.000042
0.137500 0.000046
0.150000 0.000050
0.162500 0.000054
0.175000 0.000057
0.187500 0.000061
0.200000 0.000065
0.212500 0.000068
0.225000 0.000071
0.237500 0.000075
0.250000 0.000078
0.262500 0.000081
0.275000 0.000084
0.287500 0.000086
0.300000 0.000089
0.312500 0.000091
0.325000 0.000094
0.337500 0.000096
0.350000 0.000098
0.362500 0.000100
0.375000 0.000102
0.387500 0.000103
0.400000 0.000105
0.412500 0.000106
0.425000 0.000107
0.437500 0.000108
0.450000 0.000109
0.462500 0.000109
0.475000 0.000110
0.487500 0.000110
0.500000 0.000110
0.512500 0.000110
0.525000 0.000110
0.537500 0.000109
0.550000 0.000109
0.562500 0.000108
0.575000 0.000107
0.587500 0.000106
0.600000 0.000105
0.612500 0.000103
0.625000 0.000102
0.637500 0.000100
0.650000 0.000098
0.662500 0.000096
0.675000 0.000094
0.687500 0.000091
0.700000 0.000089
0.712500 0.000086
0.725000 0.000084
0.737500 0.000081
0.750000 0.000078
0.762500 0.000075
0.775000 0.000071
0.787500 0.000068
0.800000 0.000065
0.812500 0.000061
0.825000 0.000057
0.837500 0.000054
0.850000 0.000050
0.862500 0.000046
0.875000 0.000042
0.887500 0.000038
0.900000 0.000034
0.912500 0.000030
0.925000 0.000026
0.937500 0.000021
0.950000 0.000017
0.962500 0.000013
0.975000 0.000009
0.987500 0.000004
1.000000 0.000000
0.000000 0.000000
0.012500 0.000003
0.025000 0.000006
0.037500 0.000009
0.050000 0.000012
0.062500 0.000015
0.075000 0.000018
0.087500 0.000021
0.100000 0.000024
0.112500 0.000027
0.125000 0.000030
0.137500 0.000032
0.150000 0.000035
0.162500 0.000038
0.175000 0.000040
0.187500 0.000043
0.200000 0.000046
0.212500 0.000048
0.225000 0.000050
0.237500 0.000053
0.250000 0.000055
0.262500 0.000057
0.275000 0.000059
0.287500 0.000061
0.300000 0.000063
0.312500 0.000064
0.325000 0.000066
0.337500 0.000068
0.350000 0.000069
0.362500 0.000070
0.375000 0.000072
0.387500 0.000073
0.400000 0.000074
0.412500 0.000075
0.425000 0.000075
0.437500 0.000076
0.450000 0.000076
0.462500 0.000077
0.475000 0.000077
0.487500 0.000077
0.500000 0.000077
0.512500 0.000077
0.525000 0.000077
0.537500 0.000077
0.550000 0.000076
0.562500 0.000076
0.575000 0.000075
0.587500 0.000075
0.600000 0.000074
0.612500 0.000073
0.625000 0.000072
0.637500 0.000070
0.650000 0.000069
0.662500 0.000068
0.675000 0.000066
0.687500 0.000064
0.700000 0.000063
0.712500 0.000061
0.725000 0.000059
0.737500 0.000057
0.750000 0.000055
0.762500 0.000053
0.775000 0.000050
0.787500 0.000048
0.800000 0.000046
0.812500 0.000043
0.825000 0.000040
0.837500 0.000038
0.850000 0.000035
0.862500 0.000032
0.875000 0.000030
0.887500 0.000027
0.900000 0.000024
0.912500 0.000021
0.925000 0.000018
0.937500 0.000015
0.950000 0.000012
0.962500 0.000009
0.975000 0.000006
0.987500 0.000003
1.000000 0.000000
0.000000 0.000000
0.012500 0.000002
0.025000 0.000004
0.037500 0.000006
0.050000 0.000009
0.062500 0.000011
0.075000 0.000013
0.087500 0.000015
0.100000 0.000017
0.112500 0.000019
0.125000 0.000021
0.137500 0.000023
0.150000 0.000025
0.162500 0.000027
0.175000 0.000029
0.187500 0.000030
0.200000 0.000032
0.212500 0.000034
0.225000 0.000035
0.237500 0.000037
0.250000 0.000039
0.262500 0.000040
0.275000 0.000041
0.287500 0.000043
0.300000 0.000044
0.312500 0.000045
0.325000 0.000047
0.337500 0.000048
0.350000 0.000049
0.362500 0.000050
0.375000 0.000050
0.387500 0.000051
0.400000 0.000052
0.412500 0.000053
0.425000 0.000053
0.437500 0.000054
0.450000 0.000054
0.462500 0.000054
0.475000 0.000054
0.487500 0.000055
0.500000 0.000055
0.512500 0.000055
0.525000 0.000054
0.537500 0.000054
0.550000 0.000054
0.562500 0.000054
0.575000 0.000053
0.587500 0.000053
0.600000 0.000052
0.612500 0.000051
0.625000 0.000050
0.637500 0.000050
0.650000 0.000049
0.662500 0.000048
0.675000 0.000047
0.687500 0.000045
0.700000 0.000044
0.712500 0.000043
0.725000 0.000041
0.737500 0.000040
0.750000 0.000039
0.762500 0.000037
0.775000 0.000035
0.787500 0.000034
0.800000 0.000032
0.812500 0.000030
0.825000 0.000029
0.837500 0.000027
0.850000 0.000025
0.862500 0.000023
0.875000 0.000021
0.887500 0.000019
0.900000 0.000017
0.912500 0.000015
0.925000 0.000013
0.937500 0.000011
0.950000 0.000009
0.962500 0.000006
0.975000 0.000004
0.987500 0.000002
1.000000 0.000000
