0.000000 0.000000
0.012500 0.039260
0.025000 0.078459
0.037500 0.117537
0.050000 0.156434
0.062500 0.195090
0.075000 0.233445
0.087500 0.271440
0.100000 0.309017
0.112500 0.346117
0.125000 0.382683
0.137500 0.418660
0.150000 0.453990
0.162500 0.488621
0.175000 0.522499
0.187500 0.555570
0.200000 0.587785
0.212500 0.619094
0.225000 0.649448
0.237500 0.678801
0.250000 0.707107
0.262500 0.734323
0.275000 0.760406
0.287500 0.785317
0.300000 0.809017
0.312500 0.831470
0.325000 0.852640
0.337500 0.872496
0.350000 0.891007
0.362500 0.908143
0.375000 0.923880
0.387500 0.938191
0.400000 0.951057
0.412500 0.962455
0.425000 0.972370
0.437500 0.980785
0.450000 0.987688
0.462500 0.993068
0.475000 0.996917
0.487500 0.999229
0.500000 1.000000
0.512500 0.999229
0.525000 0.996917
0.537500 0.993068
0.550000 0.987688
0.562500 0.980785
0.575000 0.972370
0.587500 0.962455
0.600000 0.951057
0.612500 0.938191
0.625000 0.923880
0.637500 0.908143
0.650000 0.891007
0.662500 0.872496
0.675000 0.852640
0.687500 0.831470
0.700000 0.809017
0.712500 0.785317
0.725000 0.760406
0.737500 0.734323
0.750000 0.707107
0.762500 0.678801
0.775000 0.649448
0.787500 0.619094
0.800000 0.587785
0.812500 0.555570
0.825000 0.522499
0.837500 0.488621
0.850000 0.453990
0.862500 0.418660
0.875000 0.382683
0.887500 0.346117
0.900000 0.309017
0.912500 0.271440
0.925000 0.233445
0.937500 0.195090
0.950000 0.156434
0.962500 0.117537
0.975000 0.078459
0.987500 0.039260
1.000000 0.000000
0.000000 0.000000
0.012500 0.027653
0.025000 0.055262
0.037500 0.082787
0.050000 0.110184
0.062500 0.137411
0.075000 0.164427
0.087500 0.191188
0.100000 0.217655
0.112500 0.243787
0.125000 0.269542
0.137500 0.294882
0.150000 0.319767
0.162500 0.344159
0.175000 0.368021
0.187500 0.391315
0.200000 0.414005
0.212500 0.436057
0.225000 0.457437
0.237500 0.478112
0.250000 0.498049
0.262500 0.517218
0.275000 0.535590
0.287500 0.553136
0.300000 0.569829
0.312500 0.585644
0.325000 0.600555
0.337500 0.614541
0.350000 0.627578
0.362500 0.639649
0.375000 0.650732
0.387500 0.660813
0.400000 0.669874
0.412500 0.677903
0.425000 0.684887
0.437500 0.690814
0.450000 0.695676
0.462500 0.699466
0.475000 0.702176
0.487500 0.703805
0.500000 0.704348
0.512500 0.703805
0.525000 0.702176
0.537500 0.699466
0.550000 0.695676
0.562500 0.690814
0.575000 0.684887
0.587500 0.677903
0.600000 0.669874
0.612500 0.660813
0.625000 0.650732
0.637500 0.639649
0.650000 0.627578
0.662500 0.614541
0.675000 0.600555
0.687500 0.585644
0.700000 0.569829
0.712500 0.553136
0.725000 0.535590
0.737500 0.517218
0.750000 0.498049
0.762500 0.478112
0.775000 0.457437
0.787500 0.436057
0.800000 0.414005
0.812500 0.391315
0.825000 0.368021
0.837500 0.344159
0.850000 0.319767
0.862500 0.294882
0.875000 0.269542
0.887500 0.243787
0.900000 0.217655
0.912500 0.191188
0.925000 0.164427
0.937500 0.137411
0.950000 0.110184
0.962500 0.082787
0.975000 0.055262
0.987500 0.027653
1.000000 0.000000
0.000000 0.000000
0.012500 0.019477
0.025000 0.038924
0.037500 0.058311
0.050000 0.077608
0.062500 0.096785
0.075000 0.115814
0.087500 0.134663
0.100000 0.153305
0.112500 0.171711
0.125000 0.189851
0.137500 0.207699
0.150000 0.225227
0.162500 0.242408
0.175000 0.259215
0.187500 0.275622
0.200000 0.291604
0.212500 0.307136
0.225000 0.322195
0.237500 0.336757
0.250000 0.350800
0.262500 0.364302
0.275000 0.377242
0.287500 0.389600
0.300000 0.401358
0.312500 0.412497
0.325000 0.423000
0.337500 0.432850
0.350000 0.442033
0.362500 0.450535
0.375000 0.458342
0.387500 0.465442
0.400000 0.471825
0.412500 0.477480
0.425000 0.482398
0.437500 0.486573
0.450000 0.489998
0.462500 0.492667
0.475000 0.494576
0.487500 0.495723
0.500000 0.496106
0.512500 0.495723
0.525000 0.494576
0.537500 0.492667
0.550000 0.489998
0.562500 0.486573
0.575000 0.482398
0.587500 0.477480
0.600000 0.471825
0.612500 0.465442
0.625000 0.458342
0.637500 0.450535
0.650000 0.442033
0.662500 0.432850
0.675000 0.423000
0.687500 0.412497
0.700000 0.401358
0.712500 0.389600
0.725000 0.377242
0.737500 0.364302
0.750000 0.350800
0.762500 0.336757
0.775000 0.322195
0.787500 0.307136
0.800000 0.291604
0.812500 0.275622
0.825000 0.259215
0.837500 0.242408
0.850000 0.225227
0.862500 0.207699
0.875000 0.189851
0.887500 0.171711
0.900000 0.153305
0.912500 0.134663
0.925000 0.115814
0.937500 0.096785
0.950000 0.077608
0.962500 0.058311
0.975000 0.038924
0.987500 0.019477
1.000000 0.000000
0.000000 0.000000
0.012500 0.013719
0.025000 0.027416
0.037500 0.041071
0.050000 0.054663
0.062500 0.068171
0.075000 0.081573
0.087500 0.094850
0.100000 0.107980
0.112500 0.120944
0.125000 0.133721
0.137500 0.146293
0.150000 0.158638
0.162500 0.170739
0.175000 0.182577
0.187500 0.194133
0.200000 0.205390
0.212500 0.216331
0.225000 0.226937
0.237500 0.237194
0.250000 0.247085
0.262500 0.256595
0.275000 0.265709
0.287500 0.274414
0.300000 0.282696
0.312500 0.290541
0.325000 0.297939
0.337500 0.304877
0.350000 0.311345
0.362500 0.317333
0.375000 0.322832
0.387500 0.327833
0.400000 0.332329
0.412500 0.336312
0.425000 0.339776
0.437500 0.342717
0.450000 0.345129
0.462500 0.347009
0.475000 0.348354
0.487500 0.349162
0.500000 0.349431
0.512500 0.349162
0.525000 0.348354
0.537500 0.347009
0.550000 0.345129
0.562500 0.342717
0.575000 0.339776
0.587500 0.336312
0.600000 0.332329
0.612500 0.327833
0.625000 0.322832
0.637500 0.317333
0.650000 0.311345
0.662500 0.304877
0.675000 0.297939
0.687500 0.290541
0.700000 0.282696
0.712500 0.274414
0.725000 0.265709
0.737500 0.256595
0.750000 0.247085
0.762500 0.237194
0.775000 0.226937
0.787500 0.216331
0.800000 0.205390
0.812500 0.194133
0.825000 0.182577
0.837500 0.170739
0.850000 0.158638
0.862500 0.146293
0.875000 0.133721
0.887500 0.120944
0.900000 0.107980
0.912500 0.094850
0.925000 0.081573
0.937500 0.068171
0.950000 0.054663
0.962500 0.041071
0.975000 0.027416
0.987500 0.013719
1.000000 0.000000
0.000000 0.000000
0.012500 0.009663
0.025000 0.019310
0.037500 0.028928
0.050000 0.038502
0.062500 0.048016
0.075000 0.057456
0.087500 0.066807
0.100000 0.076056
0.112500 0.085187
0.125000 0.094186
0.137500 0.103041
0.150000 0.111737
0.162500 0.120260
0.175000 0.128598
0.187500 0.136737
0.200000 0.144666
0.212500 0.152372
0.225000 0.159843
0.237500 0.167067
0.250000 0.174034
0.262500 0.180732
0.275000 0.187152
0.287500 0.193283
0.300000 0.199116
0.312500 0.204642
0.325000 0.209853
0.337500 0.214739
0.350000 0.219295
0.362500 0.223513
0.375000 0.227386
0.387500 0.230908
0.400000 0.234075
0.412500 0.236880
0.425000 0.239321
0.437500 0.241392
0.450000 0.243091
0.462500 0.244415
0.475000 0.245362
0.487500 0.245931
0.500000 0.246121
0.512500 0.245931
0.525000 0.245362
0.537500 0.244415
0.550000 0.243091
0.562500 0.241392
0.575000 0.239321
0.587500 0.236880
0.600000 0.234075
0.612500 0.230908
0.625000 0.227386
0.637500 0.223513
0.650000 0.219295
0.662500 0.214739
0.675000 0.209853
0.687500 0.204642
0.700000 0.199116
0.712500 0.193283
0.725000 0.187152
0.737500 0.180732
0.750000 0.174034
0.762500 0.167067
0.775000 0.159843
0.787500 0.152372
0.800000 0.144666
0.812500 0.136737
0.825000 0.128598
0.837500 0.120260
0.850000 0.111737
0.862500 0.103041
0.875000 0.094186
0.887500 0.085187
0.900000 0.076056
0.912500 0.066807
0.925000 0.057456
0.937500 0.048016
0.950000 0.038502
0.962500 0.028928
0.975000 0.019310
0.987500 0.009663
1.000000 0.000000
0.000000 0.000000
0.012500 0.006806
0.025000 0.013601
0.037500 0.020376
0.050000 0.027119
0.062500 0.033820
0.075000 0.040469
0.087500 0.047055
0.100000 0.053570
0.112500 0.060001
0.125000 0.066340
0.137500 0.072577
0.150000 0.078701
0.162500 0.084705
0.175000 0.090578
0.187500 0.096311
0.200000 0.101895
0.212500 0.107323
0.225000 0.112585
0.237500 0.117673
0.250000 0.122580
0.262500 0.127298
0.275000 0.131820
0.287500 0.136138
0.300000 0.140247
0.312500 0.144139
0.325000 0.147809
0.337500 0.151251
0.350000 0.154460
0.362500 0.157431
0.375000 0.160159
0.387500 0.162640
0.400000 0.164870
0.412500 0.166846
0.425000 0.168565
0.437500 0.170024
0.450000 0.171220
0.462500 0.172153
0.475000 0.172820
0.487500 0.173221
0.500000 0.173355
0.512500 0.173221
0.525000 0.172820
0.537500 0.172153
0.550000 0.171220
0.562500 0.170024
0.575000 0.168565
0.587500 0.166846
0.600000 0.164870
0.612500 0.162640
0.625000 0.160159
0.637500 0.157431
0.650000 0.154460
0.662500 0.151251
0.675000 0.147809
0.687500 0.144139
0.700000 0.140247
0.712500 0.136138
0.725000 0.131820
0.737500 0.127298
0.750000 0.122580
0.762500 0.117673
0.775000 0.112585
0.787500 0.107323
0.800000 0.101895
0.812500 0.096311
0.825000 0.090578
0.837500 0.084705
0.850000 0.078701
0.862500 0.072577
0.875000 0.066340
0.887500 0.060001
0.900000 0.053570
0.912500 0.047055
0.925000 0.040469
0.937500 0.033820
0.950000 0.027119
0.962500 0.020376
0.975000 0.013601
0.987500 0.006806
1.000000 0.000000
0.000000 0.000000
0.012500 0.004794
0.025000 0.009580
0.037500 0.014352
0.050000 0.019101
0.062500 0.023821
0.075000 0.028504
0.087500 0.033143
0.100000 0.037732
0.112500 0.042262
0.125000 0.046726
0.137500 0.051119
0.150000 0.055433
0.162500 0.059662
0.175000 0.063798
0.187500 0.067836
0.200000 0.071770
0.212500 0.075593
0.225000 0.079299
0.237500 0.082883
0.250000 0.086339
0.262500 0.089662
0.275000 0.092847
0.287500 0.095889
0.300000 0.098783
0.312500 0.101524
0.325000 0.104109
0.337500 0.106533
0.350000 0.108794
0.362500 0.110886
0.375000 0.112808
0.387500 0.114555
0.400000 0.116126
0.412500 0.117518
0.425000 0.118728
0.437500 0.119756
0.450000 0.120599
0.462500 0.121256
0.475000 0.121726
0.487500 0.122008
0.500000 0.122102
0.512500 0.122008
0.525000 0.121726
0.537500 0.121256
0.550000 0.120599
0.562500 0.119756
0.575000 0.118728
0.587500 0.117518
0.600000 0.116126
0.612500 0.114555
0.625000 0.112808
0.637500 0.110886
0.650000 0.108794
0.662500 0.106533
0.675000 0.104109
0.687500 0.101524
0.700000 0.098783
0.712500 0.095889
0.725000 0.092847
0.737500 0.089662
0.750000 0.086339
0.762500 0.082883
0.775000 0.079299
0.787500 0.075593
0.800000 0.071770
0.812500 0.067836
0.825000 0.063798
0.837500 0.059662
0.850000 0.055433
0.862500 0.051119
0.875000 0.046726
0.887500 0.042262
0.900000 0.037732
0.912500 0.033143
0.925000 0.028504
0.937500 0.023821
0.950000 0.019101
0.962500 0.014352
0.975000 0.009580
0.987500 0.004794
1.000000 0.000000
0.000000 0.000000
0.012500 0.003376
0.025000 0.006748
0.037500 0.010108
0.050000 0.013454
0.062500 0.016778
0.075000 0.020077
0.087500 0.023344
0.100000 0.026576
0.112500 0.029767
0.125000 0.032912
0.137500 0.036006
0.150000 0.039044
0.162500 0.042023
0.175000 0.044936
0.187500 0.047780
0.200000 0.050551
0.212500 0.053243
0.225000 0.055854
0.237500 0.058378
0.250000 0.060813
0.262500 0.063153
0.275000 0.065397
0.287500 0.067539
0.300000 0.069577
0.312500 0.071508
0.325000 0.073329
0.337500 0.075037
0.350000 0.076629
0.362500 0.078102
0.375000 0.079456
0.387500 0.080687
0.400000 0.081793
0.412500 0.082773
0.425000 0.083626
0.437500 0.084350
0.450000 0.084943
0.462500 0.085406
0.475000 0.085737
0.487500 0.085936
0.500000 0.086002
0.512500 0.085936
0.525000 0.085737
0.537500 0.085406
0.550000 0.084943
0.562500 0.084350
0.575000 0.083626
0.587500 0.082773
0.600000 0.081793
0.612500 0.080687
0.625000 0.079456
0.637500 0.078102
0.650000 0.076629
0.662500 0.075037
0.675000 0.073329
0.687500 0.071508
0.700000 0.069577
0.712500 0.067539
0.725000 0.065397
0.737500 0.063153
0.750000 0.060813
0.762500 0.058378
0.775000 0.055854
0.787500 0.053243
0.800000 0.050551
0.812500 0.047780
0.825000 0.044936
0.837500 0.042023
0.850000 0.039044
0.862500 0.036006
0.875000 0.032912
0.887500 0.029767
0.900000 0.026576
0.912500 0.023344
0.925000 0.020077
0.937500 0.016778
0.950000 0.013454
0.962500 0.010108
0.975000 0.006748
0.987500 0.003376
1.000000 0.000000
0.000000 0.000000
0.012500 0.002378
0.025000 0.004753
0.037500 0.007120
0.050000 0.009476
0.062500 0.011818
0.075000 0.014141
0.087500 0.016443
0.100000 0.018719
0.112500 0.020966
0.125000 0.023181
0.137500 0.025361
0.150000 0.027501
0.162500 0.029598
0.175000 0.031651
0.187500 0.033654
0.200000 0.035605
0.212500 0.037502
0.225000 0.039341
0.237500 0.041119
0.250000 0.042833
0.262500 0.044482
0.275000 0.046062
0.287500 0.047571
0.300000 0.049007
0.312500 0.050367
0.325000 0.051649
0.337500 0.052852
0.350000 0.053973
0.362500 0.055011
0.375000 0.055964
0.387500 0.056831
0.400000 0.057611
0.412500 0.058301
0.425000 0.058902
0.437500 0.059412
0.450000 0.059830
0.462500 0.060156
0.475000 0.060389
0.487500 0.060529
0.500000 0.060575
0.512500 0.060529
0.525000 0.060389
0.537500 0.060156
0.550000 0.059830
0.562500 0.059412
0.575000 0.058902
0.587500 0.058301
0.600000 0.057611
0.612500 0.056831
0.625000 0.055964
0.637500 0.055011
0.650000 0.053973
0.662500 0.052852
0.675000 0.051649
0.687500 0.050367
0.700000 0.049007
0.712500 0.047571
0.725000 0.046062
0.737500 0.044482
0.750000 0.042833
0.762500 0.041119
0.775000 0.039341
0.787500 0.037502
0.800000 0.035605
0.812500 0.033654
0.825000 0.031651
0.837500 0.029598
0.850000 0.027501
0.862500 0.025361
0.875000 0.023181
0.887500 0.020966
0.900000 0.018719
0.912500 0.016443
0.925000 0.014141
0.937500 0.011818
0.950000 0.009476
0.962500 0.007120
0.975000 0.004753
0.987500 0.002378
1.000000 0.000000
0.000000 0.000000
0.012500 0.001675
0.025000 0.003348
0.037500 0.005015
0.050000 0.006674
0.062500 0.008324
0.075000 0.009960
0.087500 0.011581
0.100000 0.013185
0.112500 0.014768
0.125000 0.016328
0.137500 0.017863
0.150000 0.019370
0.162500 0.020848
0.175000 0.022293
0.187500 0.023704
0.200000 0.025079
0.212500 0.026414
0.225000 0.027709
0.237500 0.028962
0.250000 0.030170
0.262500 0.031331
0.275000 0.032444
0.287500 0.033506
0.300000 0.034518
0.312500 0.035476
0.325000 0.036379
0.337500 0.037226
0.350000 0.038016
0.362500 0.038747
0.375000 0.039418
0.387500 0.040029
0.400000 0.040578
0.412500 0.041064
0.425000 0.041487
0.437500 0.041846
0.450000 0.042141
0.462500 0.042370
0.475000 0.042535
0.487500 0.042633
0.500000 0.042666
0.512500 0.042633
0.525000 0.042535
0.537500 0.042370
0.550000 0.042141
0.562500 0.041846
0.575000 0.041487
0.587500 0.041064
0.600000 0.040578
0.612500 0.040029
0.625000 0.039418
0.637500 0.038747
0.650000 0.038016
0.662500 0.037226
0.675000 0.036379
0.687500 0.035476
0.700000 0.034518
0.712500 0.033506
0.725000 0.032444
0.737500 0.031331
0.750000 0.030170
0.762500 0.028962
0.775000 0.027709
0.787500 0.026414
0.800000 0.025079
0.812500 0.023704
0.825000 0.022293
0.837500 0.020848
0.850000 0.019370
0.862500 0.017863
0.875000 0.016328
0.887500 0.014768
0.900000 0.013185
0.912500 0.011581
0.925000 0.009960
0.937500 0.008324
0.950000 0.006674
0.962500 0.005015
0.975000 0.003348
0.987500 0.001675
1.000000 0.000000
0.000000 0.000000
0.012500 0.001180
0.025000 0.002358
0.037500 0.003532
0.050000 0.004701
0.062500 0.005863
0.075000 0.007015
0.087500 0.008157
0.100000 0.009287
0.112500 0.010401
0.125000 0.011500
0.137500 0.012581
0.150000 0.013643
0.162500 0.014684
0.175000 0.015702
0.187500 0.016696
0.200000 0.017664
0.212500 0.018605
0.225000 0.019517
0.237500 0.020399
0.250000 0.021250
0.262500 0.022068
0.275000 0.022852
0.287500 0.023600
0.300000 0.024312
0.312500 0.024987
0.325000 0.025623
0.337500 0.026220
0.350000 0.026776
0.362500 0.027291
0.375000 0.027764
0.387500 0.028194
0.400000 0.028581
0.412500 0.028924
0.425000 0.029222
0.437500 0.029474
0.450000 0.029682
0.462500 0.029844
0.475000 0.029959
0.487500 0.030029
0.500000 0.030052
0.512500 0.030029
0.525000 0.029959
0.537500 0.029844
0.550000 0.029682
0.562500 0.029474
0.575000 0.029222
0.587500 0.028924
0.600000 0.028581
0.612500 0.028194
0.625000 0.027764
0.637500 0.027291
0.650000 0.026776
0.662500 0.026220
0.675000 0.025623
0.687500 0.024987
0.700000 0.024312
0.712500 0.023600
0.725000 0.022852
0.737500 0.022068
0.750000 0.021250
0.762500 0.020399
0.775000 0.019517
0.787500 0.018605
0.800000 0.017664
0.812500 0.016696
0.825000 0.015702
0.837500 0.014684
0.850000 0.013643
0.862500 0.012581
0.875000 0.011500
0.887500 0.010401
0.900000 0.009287
0.912500 0.008157
0.925000 0.007015
0.937500 0.005863
0.950000 0.004701
0.962500 0.003532
0.975000 0.002358
0.987500 0.001180
1.000000 0.000000
0.000000 0.000000
0.012500 0.000831
0.025000 0.001661
0.037500 0.002488
0.050000 0.003311
0.062500 0.004129
0.075000 0.004941
0.087500 0.005746
0.100000 0.006541
0.112500 0.007326
0.125000 0.008100
0.137500 0.008862
0.150000 0.009610
0.162500 0.010343
0.175000 0.011060
0.187500 0.011760
0.200000 0.012442
0.212500 0.013104
0.225000 0.013747
0.237500 0.014368
0.250000 0.014967
0.262500 0.015543
0.275000 0.016095
0.287500 0.016623
0.300000 0.017124
0.312500 0.017600
0.325000 0.018048
0.337500 0.018468
0.350000 0.018860
0.362500 0.019223
0.375000 0.019556
0.387500 0.019859
0.400000 0.020131
0.412500 0.020372
0.425000 0.020582
0.437500 0.020760
0.450000 0.020906
0.462500 0.021020
0.475000 0.021102
0.487500 0.021151
0.500000 0.021167
0.512500 0.021151
0.525000 0.021102
0.537500 0.021020
0.550000 0.020906
0.562500 0.020760
0.575000 0.020582
0.587500 0.020372
0.600000 0.020131
0.612500 0.019859
0.625000 0.019556
0.637500 0.019223
0.650000 0.018860
0.662500 0.018468
0.675000 0.018048
0.687500 0.017600
0.700000 0.017124
0.712500 0.016623
0.725000 0.016095
0.737500 0.015543
0.750000 0.014967
0.762500 0.014368
0.775000 0.013747
0.787500 0.013104
0.800000 0.012442
0.812500 0.011760
0.825000 0.011060
0.837500 0.010343
0.850000 0.009610
0.862500 0.008862
0.875000 0.008100
0.887500 0.007326
0.900000 0.006541
0.912500 0.005746
0.925000 0.004941
0.937500 0.004129
0.950000 0.003311
0.962500 0.002488
0.975000 0.001661
0.987500 0.000831
1.000000 0.000000
0.000000 0.000000
0.012500 0.000585
0.025000 0.001170
0.037500 0.001752
0.050000 0.002332
0.062500 0.002909
0.075000 0.003480
0.087500 0.004047
0.100000 0.004607
0.112500 0.005160
0.125000 0.005705
0.137500 0.006242
0.150000 0.006768
0.162500 0.007285
0.175000 0.007790
0.187500 0.008283
0.200000 0.008763
0.212500 0.009230
0.225000 0.009683
0.237500 0.010120
0.250000 0.010542
0.262500 0.010948
0.275000 0.011337
0.287500 0.011708
0.300000 0.012062
0.312500 0.012396
0.325000 0.012712
0.337500 0.013008
0.350000 0.013284
0.362500 0.013539
0.375000 0.013774
0.387500 0.013987
0.400000 0.014179
0.412500 0.014349
0.425000 0.014497
0.437500 0.014622
0.450000 0.014725
0.462500 0.014806
0.475000 0.014863
0.487500 0.014897
0.500000 0.014909
0.512500 0.014897
0.525000 0.014863
0.537500 0.014806
0.550000 0.014725
0.562500 0.014622
0.575000 0.014497
0.587500 0.014349
0.600000 0.014179
0.612500 0.013987
0.625000 0.013774
0.637500 0.013539
0.650000 0.013284
0.662500 0.013008
0.675000 0.012712
0.687500 0.012396
0.700000 0.012062
0.712500 0.011708
0.725000 0.011337
0.737500 0.010948
0.750000 0.010542
0.762500 0.010120
0.775000 0.009683
0.787500 0.009230
0.800000 0.008763
0.812500 0.008283
0.825000 0.007790
0.837500 0.007285
0.850000 0.006768
0.862500 0.006242
0.875000 0.005705
0.887500 0.005160
0.900000 0.004607
0.912500 0.004047
0.925000 0.003480
0.937500 0.002909
0.950000 0.002332
0.962500 0.001752
0.975000 0.001170
0.987500 0.000585
1.000000 0.000000
0.000000 0.000000
0.012500 0.000412
0.025000 0.000824
0.037500 0.001234
0.050000 0.001643
0.062500 0.002049
0.075000 0.002451
0.087500 0.002850
0.100000 0.003245
0.112500 0.003635
0.125000 0.004019
0.137500 0.004396
0.150000 0.004767
0.162500 0.005131
0.175000 0.005487
0.187500 0.005834
0.200000 0.006172
0.212500 0.006501
0.225000 0.006820
0.237500 0.007128
0.250000 0.007425
0.262500 0.007711
0.275000 0.007985
0.287500 0.008247
0.300000 0.008496
0.312500 0.008731
0.325000 0.008954
0.337500 0.009162
0.350000 0.009357
0.362500 0.009536
0.375000 0.009702
0.387500 0.009852
0.400000 0.009987
0.412500 0.010107
0.425000 0.010211
0.437500 0.010299
0.450000 0.010372
0.462500 0.010428
0.475000 0.010469
0.487500 0.010493
0.500000 0.010501
0.512500 0.010493
0.525000 0.010469
0.537500 0.010428
0.550000 0.010372
0.562500 0.010299
0.575000 0.010211
0.587500 0.010107
0.600000 0.009987
0.612500 0.009852
0.625000 0.009702
0.637500 0.009536
0.650000 0.009357
0.662500 0.009162
0.675000 0.008954
0.687500 0.008731
0.700000 0.008496
0.712500 0.008247
0.725000 0.007985
0.737500 0.007711
0.750000 0.007425
0.762500 0.007128
0.775000 0.006820
0.787500 0.006501
0.800000 0.006172
0.812500 0.005834
0.825000 0.005487
0.837500 0.005131
0.850000 0.004767
0.862500 0.004396
0.875000 0.004019
0.887500 0.003635
0.900000 0.003245
0.912500 0.002850
0.925000 0.002451
0.937500 0.002049
0.950000 0.001643
0.962500 0.001234
0.975000 0.000824
0.987500 0.000412
1.000000 0.000000
0.000000 0.000000
0.012500 0.000290
0.025000 0.000580
0.037500 0.000869
0.050000 0.001157
0.062500 0.001443
0.075000 0.001727
0.087500 0.002008
0.100000 0.002286
0.112500 0.002560
0.125000 0.002830
0.137500 0.003097
0.150000 0.003358
0.162500 0.003614
0.175000 0.003865
0.187500 0.004109
0.200000 0.004347
0.212500 0.004579
0.225000 0.004804
0.237500 0.005021
0.250000 0.005230
0.262500 0.005431
0.275000 0.005624
0.287500 0.005809
0.300000 0.005984
0.312500 0.006150
0.325000 0.006306
0.337500 0.006453
0.350000 0.006590
0.362500 0.006717
0.375000 0.006833
0.387500 0.006939
0.400000 0.007034
0.412500 0.007119
0.425000 0.007192
0.437500 0.007254
0.450000 0.007305
0.462500 0.007345
0.475000 0.007374
0.487500 0.007391
0.500000 0.007396
0.512500 0.007391
0.525000 0.007374
0.537500 0.007345
0.550000 0.007305
0.562500 0.007254
0.575000 0.007192
0.587500 0.007119
0.600000 0.007034
0.612500 0.006939
0.625000 0.006833
0.637500 0.006717
0.650000 0.006590
0.662500 0.006453
0.675000 0.006306
0.687500 0.006150
0.700000 0.005984
0.712500 0.005809
0.725000 0.005624
0.737500 0.005431
0.750000 0.005230
0.762500 0.005021
0.775000 0.004804
0.787500 0.004579
0.800000 0.004347
0.812500 0.004109
0.825000 0.003865
0.837500 0.003614
0.850000 0.003358
0.862500 0.003097
0.875000 0.002830
0.887500 0.002560
0.900000 0.002286
0.912500 0.002008
0.925000 0.001727
0.937500 0.001443
0.950000 0.001157
0.962500 0.000869
0.975000 0.000580
0.987500 0.000290
1.000000 0.000000
0.000000 0.000000
0.012500 0.000205
0.025000 0.000409
0.037500 0.000612
0.050000 0.000815
0.062500 0.001016
0.075000 0.001216
0.087500 0.001414
0.100000 0.001610
0.112500 0.001803
0.125000 0.001994
0.137500 0.002181
0.150000 0.002365
0.162500 0.002546
0.175000 0.002722
0.187500 0.002894
0.200000 0.003062
0.212500 0.003225
0.225000 0.003383
0.237500 0.003536
0.250000 0.003684
0.262500 0.003826
0.275000 0.003961
0.287500 0.004091
0.300000 0.004215
0.312500 0.004332
0.325000 0.004442
0.337500 0.004545
0.350000 0.004642
0.362500 0.004731
0.375000 0.004813
0.387500 0.004888
0.400000 0.004955
0.412500 0.005014
0.425000 0.005066
0.437500 0.005110
0.450000 0.005145
0.462500 0.005174
0.475000 0.005194
0.487500 0.005206
0.500000 0.005210
0.512500 0.005206
0.525000 0.005194
0.537500 0.005174
0.550000 0.005145
0.562500 0.005110
0.575000 0.005066
0.587500 0.005014
0.600000 0.004955
0.612500 0.004888
0.625000 0.004813
0.637500 0.004731
0.650000 0.004642
0.662500 0.004545
0.675000 0.004442
0.687500 0.004332
0.700000 0.004215
0.712500 0.004091
0.725000 0.003961
0.737500 0.003826
0.750000 0.003684
0.762500 0.003536
0.775000 0.003383
0.787500 0.003225
0.800000 0.003062
0.812500 0.002894
0.825000 0.002722
0.837500 0.002546
0.850000 0.002365
0.862500 0.002181
0.875000 0.001994
0.887500 0.001803
0.900000 0.001610
0.912500 0.001414
0.925000 0.001216
0.937500 0.001016
0.950000 0.000815
0.962500 0.000612
0.975000 0.000409
0.987500 0.000205
1.000000 0.000000
0.000000 0.000000
0.012500 0.000144
0.025000 0.000288
0.037500 0.000431
0.050000 0.000574
0.062500 0.000716
0.075000 0.000857
0.087500 0.000996
0.100000 0.001134
0.112500 0.001270
0.125000 0.001404
0.137500 0.001536
0.150000 0.001666
0.162500 0.001793
0.175000 0.001917
0.187500 0.002039
0.200000 0.002157
0.212500 0.002272
0.225000 0.002383
0.237500 0.002491
0.250000 0.002595
0.262500 0.002695
0.275000 0.002790
0.287500 0.002882
0.300000 0.002969
0.312500 0.003051
0.325000 0.003129
0.337500 0.003202
0.350000 0.003269
0.362500 0.003332
0.375000 0.003390
0.387500 0.003443
0.400000 0.003490
0.412500 0.003532
0.425000 0.003568
0.437500 0.003599
0.450000 0.003624
0.462500 0.003644
0.475000 0.003658
0.487500 0.003667
0.500000 0.003669
0.512500 0.003667
0.525000 0.003658
0.537500 0.003644
0.550000 0.003624
0.562500 0.003599
0.575000 0.003568
0.587500 0.003532
0.600000 0.003490
0.612500 0.003443
0.625000 0.003390
0.637500 0.003332
0.650000 0.003269
0.662500 0.003202
0.675000 0.003129
0.687500 0.003051
0.700000 0.002969
0.712500 0.002882
0.725000 0.002790
0.737500 0.002695
0.750000 0.002595
0.762500 0.002491
0.775000 0.002383
0.787500 0.002272
0.800000 0.002157
0.812500 0.002039
0.825000 0.001917
0.837500 0.001793
0.850000 0.001666
0.862500 0.001536
0.875000 0.001404
0.887500 0.001270
0.900000 0.001134
0.912500 0.000996
0.925000 0.000857
0.937500 0.000716
0.950000 0.000574
0.962500 0.000431
0.975000 0.000288
0.987500 0.000144
1.000000 0.000000
0.000000 0.000000
0.012500 0.000101
0.025000 0.000203
0.037500 0.000304
0.050000 0.000404
0.062500 0.000504
0.075000 0.000603
0.087500 0.000702
0.100000 0.000799
0.112500 0.000895
0.125000 0.000989
0.137500 0.001082
0.150000 0.001173
0.162500 0.001263
0.175000 0.001350
0.187500 0.001436
0.200000 0.001519
0.212500 0.001600
0.225000 0.001679
0.237500 0.001754
0.250000 0.001828
0.262500 0.001898
0.275000 0.001965
0.287500 0.002030
0.300000 0.002091
0.312500 0.002149
0.325000 0.002204
0.337500 0.002255
0.350000 0.002303
0.362500 0.002347
0.375000 0.002388
0.387500 0.002425
0.400000 0.002458
0.412500 0.002487
0.425000 0.002513
0.437500 0.002535
0.450000 0.002553
0.462500 0.002567
0.475000 0.002577
0.487500 0.002583
0.500000 0.002585
0.512500 0.002583
0.525000 0.002577
0.537500 0.002567
0.550000 0.002553
0.562500 0.002535
0.575000 0.002513
0.587500 0.002487
0.600000 0.002458
0.612500 0.002425
0.625000 0.002388
0.637500 0.002347
0.650000 0.002303
0.662500 0.002255
0.675000 0.002204
0.687500 0.002149
0.700000 0.002091
0.712500 0.002030
0.725000 0.001965
0.737500 0.001898
0.750000 0.001828
0.762500 0.001754
0.775000 0.001679
0.787500 0.001600
0.800000 0.001519
0.812500 0.001436
0.825000 0.001350
0.837500 0.001263
0.850000 0.001173
0.862500 0.001082
0.875000 0.000989
0.887500 0.000895
0.900000 0.000799
0.912500 0.000702
0.925000 0.000603
0.937500 0.000504
0.950000 0.000404
0.962500 0.000304
0.975000 0.000203
0.987500 0.000101
1.000000 0.000000
0.000000 0.000000
0.012500 0.000071
0.025000 0.000143
0.037500 0.000214
0.050000 0.000285
0.062500 0.000355
0.075000 0.000425
0.087500 0.000494
0.100000 0.000563
0.112500 0.000630
0.125000 0.000697
0.137500 0.000762
0.150000 0.000826
0.162500 0.000889
0.175000 0.000951
0.187500 0.001011
0.200000 0.001070
0.212500 0.001127
0.225000 0.001182
0.237500 0.001236
0.250000 0.001287
0.262500 0.001337
0.275000 0.001384
0.287500 0.001430
0.300000 0.001473
0.312500 0.001514
0.325000 0.001552
0.337500 0.001588
0.350000 0.001622
0.362500 0.001653
0.375000 0.001682
0.387500 0.001708
0.400000 0.001731
0.412500 0.001752
0.425000 0.001770
0.437500 0.001785
0.450000 0.001798
0.462500 0.001808
0.475000 0.001815
0.487500 0.001819
0.500000 0.001820
0.512500 0.001819
0.525000 0.001815
0.537500 0.001808
0.550000 0.001798
0.562500 0.001785
0.575000 0.001770
0.587500 0.001752
0.600000 0.001731
0.612500 0.001708
0.625000 0.001682
0.637500 0.001653
0.650000 0.001622
0.662500 0.001588
0.675000 0.001552
0.687500 0.001514
0.700000 0.001473
0.712500 0.001430
0.725000 0.001384
0.737500 0.001337
0.750000 0.001287
0.762500 0.001236
0.775000 0.001182
0.787500 0.001127
0.800000 0.001070
0.812500 0.001011
0.825000 0.000951
0.837500 0.000889
0.850000 0.000826
0.862500 0.000762
0.875000 0.000697
0.887500 0.000630
0.900000 0.000563
0.912500 0.000494
0.925000 0.000425
0.937500 0.000355
0.950000 0.000285
0.962500 0.000214
0.975000 0.000143
0.987500 0.000071
1.000000 0.000000
0.000000 0.000000
0.012500 0.000050
0.025000 0.000101
0.037500 0.000151
0.050000 0.000201
0.062500 0.000250
0.075000 0.000299
0.087500 0.000348
0.100000 0.000396
0.112500 0.000444
0.125000 0.000491
0.137500 0.000537
0.150000 0.000582
0.162500 0.000627
0.175000 0.000670
0.187500 0.000712
0.200000 0.000754
0.212500 0.000794
0.225000 0.000833
0.237500 0.000870
0.250000 0.000907
0.262500 0.000942
0.275000 0.000975
0.287500 0.001007
0.300000 0.001037
0.312500 0.001066
0.325000 0.001093
0.337500 0.001119
0.350000 0.001142
0.362500 0.001164
0.375000 0.001185
0.387500 0.001203
0.400000 0.001219
0.412500 0.001234
0.425000 0.001247
0.437500 0.001258
0.450000 0.001266
0.462500 0.001273
0.475000 0.001278
0.487500 0.001281
0.500000 0.001282
0.512500 0.001281
0.525000 0.001278
0.537500 0.001273
0.550000 0.001266
0.562500 0.001258
0.575000 0.001247
0.587500 0.001234
0.600000 0.001219
0.612500 0.001203
0.625000 0.001185
0.637500 0.001164
0.650000 0.001142
0.662500 0.001119
0.675000 0.001093
0.687500 0.001066
0.700000 0.001037
0.712500 0.001007
0.725000 0.000975
0.737500 0.000942
0.750000 0.000907
0.762500 0.000870
0.775000 0.000833
0.787500 0.000794
0.800000 0.000754
0.812500 0.000712
0.825000 0.000670
0.837500 0.000627
0.850000 0.000582
0.862500 0.000537
0.875000 0.000491
0.887500 0.000444
0.900000 0.000396
0.912500 0.000348
0.925000 0.000299
0.937500 0.000250
0.950000 0.000201
0.962500 0.000151
0.975000 0.000101
0.987500 0.000050
1.000000 0.000000
0.000000 0.000000
0.012500 0.000035
0.025000 0.000071
0.037500 0.000106
0.050000 0.000141
0.062500 0.000176
0.075000 0.000211
0.087500 0.000245
0.100000 0.000279
0.112500 0.000313
0.125000 0.000346
0.137500 0.000378
0.150000 0.000410
0.162500 0.000441
0.175000 0.000472
0.187500 0.000502
0.200000 0.000531
0.212500 0.000559
0.225000 0.000587
0.237500 0.000613
0.250000 0.000639
0.262500 0.000663
0.275000 0.000687
0.287500 0.000709
0.300000 0.000731
0.312500 0.000751
0.325000 0.000770
0.337500 0.000788
0.350000 0.000805
0.362500 0.000820
0.375000 0.000834
0.387500 0.000847
0.400000 0.000859
0.412500 0.000869
0.425000 0.000878
0.437500 0.000886
0.450000 0.000892
0.462500 0.000897
0.475000 0.000900
0.487500 0.000902
0.500000 0.000903
0.512500 0.000902
0.525000 0.000900
0.537500 0.000897
0.550000 0.000892
0.562500 0.000886
0.575000 0.000878
0.587500 0.000869
0.600000 0.000859
0.612500 0.000847
0.625000 0.000834
0.637500 0.000820
0.650000 0.000805
0.662500 0.000788
0.675000 0.000770
0.687500 0.000751
0.700000 0.000731
0.712500 0.000709
0.725000 0.000687
0.737500 0.000663
0.750000 0.000639
0.762500 0.000613
0.775000 0.000587
0.787500 0.000559
0.800000 0.000531
0.812500 0.000502
0.825000 0.000472
0.837500 0.000441
0.850000 0.000410
0.862500 0.000378
0.875000 0.000346
0.887500 0.000313
0.900000 0.000279
0.912500 0.000245
0.925000 0.000211
0.937500 0.000176
0.950000 0.000141
0.962500 0.000106
0.975000 0.000071
0.987500 0.000035
1.000000 0.000000
0.000000 0.000000
0.012500 0.000025
0.025000 0.000050
0.037500 0.000075
0.050000 0.000100
0.062500 0.000124
0.075000 0.000148
0.087500 0.000173
0.100000 0.000197
0.112500 0.000220
0.125000 0.000243
0.137500 0.000266
0.150000 0.000289
0.162500 0.000311
0.175000 0.000332
0.187500 0.000353
0.200000 0.000374
0.212500 0.000394
0.225000 0.000413
0.237500 0.000432
0.250000 0.000450
0.262500 0.000467
0.275000 0.000484
0.287500 0.000500
0.300000 0.000515
0.312500 0.000529
0.325000 0.000542
0.337500 0.000555
0.350000 0.000567
0.362500 0.000578
0.375000 0.000588
0.387500 0.000597
0.400000 0.000605
0.412500 0.000612
0.425000 0.000619
0.437500 0.000624
0.450000 0.000628
0.462500 0.000632
0.475000 0.000634
0.487500 0.000636
0.500000 0.000636
0.512500 0.000636
0.525000 0.000634
0.537500 0.000632
0.550000 0.000628
0.562500 0.000624
0.575000 0.000619
0.587500 0.000612
0.600000 0.000605
0.612500 0.000597
0.625000 0.000588
0.637500 0.000578
0.650000 0.000567
0.662500 0.000555
0.675000 0.000542
0.687500 0.000529
0.700000 0.000515
0.712500 0.000500
0.725000 0.000484
0.737500 0.000467
0.750000 0.000450
0.762500 0.000432
0.775000 0.000413
0.787500 0.000394
0.800000 0.000374
0.812500 0.000353
0.825000 0.000332
0.837500 0.000311
0.850000 0.000289
0.862500 0.000266
0.875000 0.000243
0.887500 0.000220
0.900000 0.000197
0.912500 0.000173
0.925000 0.000148
0.937500 0.000124
0.950000 0.000100
0.962500 0.000075
0.975000 0.000050
0.987500 0.000025
1.000000 0.000000
0.000000 0.000000
0.012500 0.000018
0.025000 0.000035
0.037500 0.000053
0.050000 0.000070
0.062500 0.000087
0.075000 0.000105
0.087500 0.000122
0.100000 0.000138
0.112500 0.000155
0.125000 0.000171
0.137500 0.000188
0.150000 0.000203
0.162500 0.000219
0.175000 0.000234
0.187500 0.000249
0.200000 0.000263
0.212500 0.000277
0.225000 0.000291
0.237500 0.000304
0.250000 0.000317
0.262500 0.000329
0.275000 0.000341
0.287500 0.000352
0.300000 0.000362
0.312500 0.000373
0.325000 0.000382
0.337500 0.000391
0.350000 0.000399
0.362500 0.000407
0.375000 0.000414
0.387500 0.000420
0.400000 0.000426
0.412500 0.000431
0.425000 0.000436
0.437500 0.000439
0.450000 0.000443
0.462500 0.000445
0.475000 0.000447
0.487500 0.000448
0.500000 0.000448
0.512500 0.000448
0.525000 0.000447
0.537500 0.000445
0.550000 0.000443
0.562500 0.000439
0.575000 0.000436
0.587500 0.000431
0.600000 0.000426
0.612500 0.000420
0.625000 0.000414
0.637500 0.000407
0.650000 0.000399
0.662500 0.000391
0.675000 0.000382
0.687500 0.000373
0.700000 0.000362
0.712500 0.000352
0.725000 0.000341
0.737500 0.000329
0.750000 0.000317
0.762500 0.000304
0.775000 0.000291
0.787500 0.000277
0.800000 0.000263
0.812500 0.000249
0.825000 0.000234
0.837500 0.000219
0.850000 0.000203
0.862500 0.000188
0.875000 0.000171
0.887500 0.000155
0.900000 0.000138
0.912500 0.000122
0.925000 0.000105
0.937500 0.000087
0.950000 0.000070
0.962500 0.000053
0.975000 0.000035
0.987500 0.000018
1.000000 0.000000
0.000000 0.000000
0.012500 0.000012
0.025000 0.000025
0.037500 0.000037
0.050000 0.000049
0.062500 0.000062
0.075000 0.000074
0.087500 0.000086
0.100000 0.000098
0.112500 0.000109
0.125000 0.000121
0.137500 0.000132
0.150000 0.000143
0.162500 0.000154
0.175000 0.000165
0.187500 0.000175
0.200000 0.000185
0.212500 0.000195
0.225000 0.000205
0.237500 0.000214
0.250000 0.000223
0.262500 0.000232
0.275000 0.000240
0.287500 0.000248
0.300000 0.000255
0.312500 0.000262
0.325000 0.000269
0.337500 0.000275
0.350000 0.000281
0.362500 0.000287
0.375000 0.000292
0.387500 0.000296
0.400000 0.000300
0.412500 0.000304
0.425000 0.000307
0.437500 0.000310
0.450000 0.000312
0.462500 0.000313
0.475000 0.000315
0.487500 0.000315
0.500000 0.000316
0.512500 0.000315
0.525000 0.000315
0.537500 0.000313
0.550000 0.000312
0.562500 0.000310
0.575000 0.000307
0.587500 0.000304
0.600000 0.000300
0.612500 0.000296
0.625000 0.000292
0.637500 0.000287
0.650000 0.000281
0.662500 0.000275
0.675000 0.000269
0.687500 0.000262
0.700000 0.000255
0.712500 0.000248
0.725000 0.000240
0.737500 0.000232
0.750000 0.000223
0.762500 0.000214
0.775000 0.000205
0.787500 0.000195
0.800000 0.000185
0.812500 0.000175
0.825000 0.000165
0.837500 0.000154
0.850000 0.000143
0.862500 0.000132
0.875000 0.000121
0.887500 0.000109
0.900000 0.000098
0.912500 0.000086
0.925000 0.000074
0.937500 0.000062
0.950000 0.000049
0.962500 0.000037
0.975000 0.000025
0.987500 0.000012
1.000000 0.000000
0.000000 0.000000
0.012500 0.000009
0.025000 0.000017
0.037500 0.000026
0.050000 0.000035
0.062500 0.000043
0.075000 0.000052
0.087500 0.000060
0.100000 0.000069
0.112500 0.000077
0.125000 0.000085
0.137500 0.000093
0.150000 0.000101
0.162500 0.000109
0.175000 0.000116
0.187500 0.000123
0.200000 0.000131
0.212500 0.000138
0.225000 0.000144
0.237500 0.000151
0.250000 0.000157
0.262500 0.000163
0.275000 0.000169
0.287500 0.000175
0.300000 0.000180
0.312500 0.000185
0.325000 0.000190
0.337500 0.000194
0.350000 0.000198
0.362500 0.000202
0.375000 0.000205
0.387500 0.000209
0.400000 0.000211
0.412500 0.000214
0.425000 0.000216
0.437500 0.000218
0.450000 0.000220
0.462500 0.000221
0.475000 0.000222
0.487500 0.000222
0.500000 0.000222
0.512500 0.000222
0.525000 0.000222
0.537500 0.000221
0.550000 0.000220
0.562500 0.000218
0.575000 0.000216
0.587500 0.000214
0.600000 0.000211
0.612500 0.000209
0.625000 0.000205
0.637500 0.000202
0.650000 0.000198
0.662500 0.000194
0.675000 0.000190
0.687500 0.000185
0.700000 0.000180
0.712500 0.000175
0.725000 0.000169
0.737500 0.000163
0.750000 0.000157
0.762500 0.000151
0.775000 0.000144
0.787500 0.000138
0.800000 0.000131
0.812500 0.000123
0.825000 0.000116
0.837500 0.000109
0.850000 0.000101
0.862500 0.000093
0.875000 0.000085
0.887500 0.000077
0.900000 0.000069
0.912500 0.000060
0.925000 0.000052
0.937500 0.000043
0.950000 0.000035
0.962500 0.000026
0.975000 0.000017
0.987500 0.000009
1.000000 0.000000
0.000000 0.000000
0.012500 0.000006
0.025000 0.000012
0.037500 0.000018
0.050000 0.000024
0.062500 0.000031
0.075000 0.000037
0.087500 0.000042
0.100000 0.000048
0.112500 0.000054
0.125000 0.000060
0.137500 0.000066
0.150000 0.000071
0.162500 0.000076
0.175000 0.000082
0.187500 0.000087
0.200000 0.000092
0.212500 0.000097
0.225000 0.000102
0.237500 0.000106
0.250000 0.000111
0.262500 0.000115
0.275000 0.000119
0.287500 0.000123
0.300000 0.000127
0.312500 0.000130
0.325000 0.000133
0.337500 0.000137
0.350000 0.000139
0.362500 0.000142
0.375000 0.000145
0.387500 0.000147
0.400000 0.000149
0.412500 0.000151
0.425000 0.000152
0.437500 0.000154
0.450000 0.000155
0.462500 0.000155
0.475000 0.000156
0.487500 0.000156
0.500000 0.000157
0.512500 0.000156
0.525000 0.000156
0.537500 0.000155
0.550000 0.000155
0.562500 0.000154
0.575000 0.000152
0.587500 0.000151
0.600000 0.000149
0.612500 0.000147
0.625000 0.000145
0.637500 0.000142
0.650000 0.000139
0.662500 0.000137
0.675000 0.000133
0.687500 0.000130
0.700000 0.000127
0.712500 0.000123
0.725000 0.000119
0.737500 0.000115
0.750000 0.000111
0.762500 0.000106
0.775000 0.000102
0.787500 0.000097
0.800000 0.000092
0.812500 0.000087
0.825000 0.000082
0.837500 0.000076
0.850000 0.000071
0.862500 0.000066
0.875000 0.000060
0.887500 0.000054
0.900000 0.000048
0.912500 0.000042
0.925000 0.000037
0.937500 0.000031
0.950000 0.000024
0.962500 0.000018
0.975000 0.000012
0.987500 0.000006
1.000000 0.000000
0.000000 0.000000
0.012500 0.000004
0.025000 0.000009
0.037500 0.000013
0.050000 0.000017
0.062500 0.000022
0.075000 0.000026
0.087500 0.000030
0.100000 0.000034
0.112500 0.000038
0.125000 0.000042
0.137500 0.000046
0.150000 0.000050
0.162500 0.000054
0.175000 0.000058
0.187500 0.000061
0.200000 0.000065
0.212500 0.000068
0.225000 0.000072
0.237500 0.000075
0.250000 0.000078
0.262500 0.000081
0.275000 0.000084
0.287500 0.000087
0.300000 0.000089
0.312500 0.000092
0.325000 0.000094
0.337500 0.000096
0.350000 0.000098
0.362500 0.000100
0.375000 0.000102
0.387500 0.000103
0.400000 0.000105
0.412500 0.000106
0.425000 0.000107
0.437500 0.000108
0.450000 0.000109
0.462500 0.000110
0.475000 0.000110
0.487500 0.000110
0.500000 0.000110
0.512500 0.000110
0.525000 0.000110
0.537500 0.000110
0.550000 0.000109
0.562500 0.000108
0.575000 0.000107
0.587500 0.000106
0.600000 0.000105
0.612500 0.000103
0.625000 0.000102
0.637500 0.000100
0.650000 0.000098
0.662500 0.000096
0.675000 0.000094
0.687500 0.000092
0.700000 0.000089
0.712500 0.000087
0.725000 0.000084
0.737500 0.000081
0.750000 0.000078
0.762500 0.000075
0.775000 0.000072
0.787500 0.000068
0.800000 0.000065
0.812500 0.000061
0.825000 0.000058
0.837500 0.000054
0.850000 0.000050
0.862500 0.000046
0.875000 0.000042
0.887500 0.000038
0.900000 0.000034
0.912500 0.000030
0.925000 0.000026
0.937500 0.000022
0.950000 0.000017
0.962500 0.000013
0.975000 0.000009
0.987500 0.000004
1.000000 0.000000
0.000000 0.000000
0.012500 0.000003
0.025000 0.000006
0.037500 0.000009
0.050000 0.000012
0.062500 0.000015
0.075000 0.000018
0.087500 0.000021
0.100000 0.000024
0.112500 0.000027
0.125000 0.000030
0.137500 0.000033
0.150000 0.000035
0.162500 0.000038
0.175000 0.000041
0.187500 0.000043
0.200000 0.000046
0.212500 0.000048
0.225000 0.000050
0.237500 0.000053
0.250000 0.000055
0.262500 0.000057
0.275000 0.000059
0.287500 0.000061
0.300000 0.000063
0.312500 0.000065
0.325000 0.000066
0.337500 0.000068
0.350000 0.000069
0.362500 0.000071
0.375000 0.000072
0.387500 0.000073
0.400000 0.000074
0.412500 0.000075
0.425000 0.000076
0.437500 0.000076
0.450000 0.000077
0.462500 0.000077
0.475000 0.000077
0.487500 0.000078
0.500000 0.000078
0.512500 0.000078
0.525000 0.000077
0.537500 0.000077
0.550000 0.000077
0.562500 0.000076
0.575000 0.000076
0.587500 0.000075
0.600000 0.000074
0.612500 0.000073
0.625000 0.000072
0.637500 0.000071
0.650000 0.000069
0.662500 0.000068
0.675000 0.000066
0.687500 0.000065
0.700000 0.000063
0.712500 0.000061
0.725000 0.000059
0.737500 0.000057
0.750000 0.000055
0.762500 0.000053
0.775000 0.000050
0.787500 0.000048
0.800000 0.000046
0.812500 0.000043
0.825000 0.000041
0.837500 0.000038
0.850000 0.000035
0.862500 0.000033
0.875000 0.000030
0.887500 0.000027
0.900000 0.000024
0.912500 0.000021
0.925000 0.000018
0.937500 0.000015
0.950000 0.000012
0.962500 0.000009
0.975000 0.000006
0.987500 0.000003
1.000000 0.000000
0.000000 0.000000
0.012500 0.000002
0.025000 0.000004
0.037500 0.000006
0.050000 0.000009
0.062500 0.000011
0.075000 0.000013
0.087500 0.000015
0.100000 0.000017
0.112500 0.000019
0.125000 0.000021
0.137500 0.000023
0.150000 0.000025
0.162500 0.000027
0.175000 0.000029
0.187500 0.000030
0.200000 0.000032
0.212500 0.000034
0.225000 0.000036
0.237500 0.000037
0.250000 0.000039
0.262500 0.000040
0.275000 0.000042
0.287500 0.000043
0.300000 0.000044
0.312500 0.000045
0.325000 0.000047
0.337500 0.000048
0.350000 0.000049
0.362500 0.000050
0.375000 0.000051
0.387500 0.000051
0.400000 0.000052
0.412500 0.000053
0.425000 0.000053
0.437500 0.000054
0.450000 0.000054
0.462500 0.000054
0.475000 0.000055
0.487500 0.000055
0.500000 0.000055
0.512500 0.000055
0.525000 0.000055
0.537500 0.000054
0.550000 0.000054
0.562500 0.000054
0.575000 0.000053
0.587500 0.000053
0.600000 0.000052
0.612500 0.000051
0.625000 0.000051
0.637500 0.000050
0.650000 0.000049
0.662500 0.000048
0.675000 0.000047
0.687500 0.000045
0.700000 0.000044
0.712500 0.000043
0.725000 0.000042
0.737500 0.000040
0.750000 0.000039
0.762500 0.000037
0.775000 0.000036
0.787500 0.000034
0.800000 0.000032
0.812500 0.000030
0.825000 0.000029
0.837500 0.000027
0.850000 0.000025
0.862500 0.000023
0.875000 0.000021
0.887500 0.000019
0.900000 0.000017
0.912500 0.000015
0.925000 0.000013
0.937500 0.000011
0.950000 0.000009
0.962500 0.000006
0.975000 0.000004
0.987500 0.000002
1.000000 0.000000
