0.000000 0.000000
0.012500 0.039232
0.025000 0.078404
0.037500 0.117455
0.050000 0.156325
0.062500 0.194954
0.075000 0.233282
0.087500 0.271250
0.100000 0.308801
0.112500 0.345875
0.125000 0.382415
0.137500 0.418367
0.150000 0.453673
0.162500 0.488279
0.175000 0.522133
0.187500 0.555181
0.200000 0.587374
0.212500 0.618660
0.225000 0.648993
0.237500 0.678325
0.250000 0.706612
0.262500 0.733808
0.275000 0.759873
0.287500 0.784767
0.300000 0.808450
0.312500 0.830887
0.325000 0.852043
0.337500 0.871885
0.350000 0.890382
0.362500 0.907507
0.375000 0.923232
0.387500 0.937534
0.400000 0.950390
0.412500 0.961781
0.425000 0.971689
0.437500 0.980098
0.450000 0.986997
0.462500 0.992373
0.475000 0.996219
0.487500 0.998529
0.500000 0.999300
0.512500 0.998529
0.525000 0.996219
0.537500 0.992373
0.550000 0.986997
0.562500 0.980098
0.575000 0.971689
0.587500 0.961781
0.600000 0.950390
0.612500 0.937534
0.625000 0.923232
0.637500 0.907507
0.650000 0.890382
0.662500 0.871885
0.675000 0.852043
0.687500 0.830887
0.700000 0.808450
0.712500 0.784767
0.725000 0.759873
0.737500 0.733808
0.750000 0.706612
0.762500 0.678325
0.775000 0.648993
0.787500 0.618660
0.800000 0.587374
0.812500 0.555181
0.825000 0.522133
0.837500 0.488279
0.850000 0.453673
0.862500 0.418367
0.875000 0.382415
0.887500 0.345875
0.900000 0.308801
0.912500 0.271250
0.925000 0.233282
0.937500 0.194954
0.950000 0.156325
0.962500 0.117455
0.975000 0.078404
0.987500 0.039232
1.000000 0.000000
0.000000 0.000000
0.012500 0.027638
0.025000 0.055233
0.037500 0.082743
0.050000 0.110126
0.062500 0.137338
0.075000 0.164339
0.087500 0.191087
0.100000 0.217539
0.112500 0.243657
0.125000 0.269399
0.137500 0.294725
0.150000 0.319597
0.162500 0.343976
0.175000 0.367825
0.187500 0.391106
0.200000 0.413785
0.212500 0.435825
0.225000 0.457194
0.237500 0.477857
0.250000 0.497784
0.262500 0.516943
0.275000 0.535305
0.287500 0.552842
0.300000 0.569526
0.312500 0.585332
0.325000 0.600235
0.337500 0.614213
0.350000 0.627244
0.362500 0.639308
0.375000 0.650386
0.387500 0.660461
0.400000 0.669518
0.412500 0.677542
0.425000 0.684522
0.437500 0.690446
0.450000 0.695305
0.462500 0.699093
0.475000 0.701802
0.487500 0.703430
0.500000 0.703973
0.512500 0.703430
0.525000 0.701802
0.537500 0.699093
0.550000 0.695305
0.562500 0.690446
0.575000 0.684522
0.587500 0.677542
0.600000 0.669518
0.612500 0.660461
0.625000 0.650386
0.637500 0.639308
0.650000 0.627244
0.662500 0.614213
0.675000 0.600235
0.687500 0.585332
0.700000 0.569526
0.712500 0.552842
0.725000 0.535305
0.737500 0.516943
0.750000 0.497784
0.762500 0.477857
0.775000 0.457194
0.787500 0.435825
0.800000 0.413785
0.812500 0.391106
0.825000 0.367825
0.837500 0.343976
0.850000 0.319597
0.862500 0.294725
0.875000 0.269399
0.887500 0.243657
0.900000 0.217539
0.912500 0.191087
0.925000 0.164339
0.937500 0.137338
0.950000 0.110126
0.962500 0.082743
0.975000 0.055233
0.987500 0.027638
1.000000 0.000000
0.000000 0.000000
0.012500 0.019470
0.025000 0.038910
0.037500 0.058290
0.050000 0.077580
0.062500 0.096750
0.075000 0.115771
0.087500 0.134614
0.100000 0.153249
0.112500 0.171648
0.125000 0.189782
0.137500 0.207624
0.150000 0.225145
0.162500 0.242319
0.175000 0.259120
0.187500 0.275521
0.200000 0.291497
0.212500 0.307024
0.225000 0.322077
0.237500 0.336634
0.250000 0.350672
0.262500 0.364169
0.275000 0.377104
0.287500 0.389458
0.300000 0.401211
0.312500 0.412346
0.325000 0.422845
0.337500 0.432692
0.350000 0.441872
0.362500 0.450371
0.375000 0.458175
0.387500 0.465272
0.400000 0.471652
0.412500 0.477305
0.425000 0.482222
0.437500 0.486396
0.450000 0.489819
0.462500 0.492487
0.475000 0.494396
0.487500 0.495542
0.500000 0.495925
0.512500 0.495542
0.525000 0.494396
0.537500 0.492487
0.550000 0.489819
0.562500 0.486396
0.575000 0.482222
0.587500 0.477305
0.600000 0.471652
0.612500 0.465272
0.625000 0.458175
0.637500 0.450371
0.650000 0.441872
0.662500 0.432692
0.675000 0.422845
0.687500 0.412346
0.700000 0.401211
0.712500 0.389458
0.725000 0.377104
0.737500 0.364169
0.750000 0.350672
0.762500 0.336634
0.775000 0.322077
0.787500 0.307024
0.800000 0.291497
0.812500 0.275521
0.825000 0.259120
0.837500 0.242319
0.850000 0.225145
0.862500 0.207624
0.875000 0.189782
0.887500 0.171648
0.900000 0.153249
0.912500 0.134614
0.925000 0.115771
0.937500 0.096750
0.950000 0.077580
0.962500 0.058290
0.975000 0.038910
0.987500 0.019470
1.000000 0.000000
0.000000 0.000000
0.012500 0.013716
0.025000 0.027411
0.037500 0.041063
0.050000 0.054652
0.062500 0.068157
0.075000 0.081557
0.087500 0.094831
0.100000 0.107959
0.112500 0.120920
0.125000 0.133695
0.137500 0.146264
0.150000 0.158607
0.162500 0.170706
0.175000 0.182541
0.187500 0.194095
0.200000 0.205350
0.212500 0.216288
0.225000 0.226892
0.237500 0.237147
0.250000 0.247036
0.262500 0.256544
0.275000 0.265657
0.287500 0.274360
0.300000 0.282640
0.312500 0.290484
0.325000 0.297880
0.337500 0.304817
0.350000 0.311284
0.362500 0.317271
0.375000 0.322768
0.387500 0.327768
0.400000 0.332263
0.412500 0.336245
0.425000 0.339709
0.437500 0.342649
0.450000 0.345061
0.462500 0.346940
0.475000 0.348285
0.487500 0.349093
0.500000 0.349362
0.512500 0.349093
0.525000 0.348285
0.537500 0.346940
0.550000 0.345061
0.562500 0.342649
0.575000 0.339709
0.587500 0.336245
0.600000 0.332263
0.612500 0.327768
0.625000 0.322768
0.637500 0.317271
0.650000 0.311284
0.662500 0.304817
0.675000 0.297880
0.687500 0.290484
0.700000 0.282640
0.712500 0.274360
0.725000 0.265657
0.737500 0.256544
0.750000 0.247036
0.762500 0.237147
0.775000 0.226892
0.787500 0.216288
0.800000 0.205350
0.812500 0.194095
0.825000 0.182541
0.837500 0.170706
0.850000 0.158607
0.862500 0.146264
0.875000 0.133695
0.887500 0.120920
0.900000 0.107959
0.912500 0.094831
0.925000 0.081557
0.937500 0.068157
0.950000 0.054652
0.962500 0.041063
0.975000 0.027411
0.987500 0.013716
1.000000 0.000000
0.000000 0.000000
0.012500 0.009662
0.025000 0.019310
0.037500 0.028928
0.050000 0.038501
0.062500 0.048014
0.075000 0.057454
0.087500 0.066805
0.100000 0.076053
0.112500 0.085184
0.125000 0.094184
0.137500 0.103038
0.150000 0.111733
0.162500 0.120256
0.175000 0.128594
0.187500 0.136733
0.200000 0.144662
0.212500 0.152367
0.225000 0.159838
0.237500 0.167062
0.250000 0.174029
0.262500 0.180727
0.275000 0.187146
0.287500 0.193277
0.300000 0.199110
0.312500 0.204636
0.325000 0.209846
0.337500 0.214733
0.350000 0.219289
0.362500 0.223506
0.375000 0.227379
0.387500 0.230902
0.400000 0.234068
0.412500 0.236873
0.425000 0.239313
0.437500 0.241385
0.450000 0.243084
0.462500 0.244408
0.475000 0.245355
0.487500 0.245924
0.500000 0.246114
0.512500 0.245924
0.525000 0.245355
0.537500 0.244408
0.550000 0.243084
0.562500 0.241385
0.575000 0.239313
0.587500 0.236873
0.600000 0.234068
0.612500 0.230902
0.625000 0.227379
0.637500 0.223506
0.650000 0.219289
0.662500 0.214733
0.675000 0.209846
0.687500 0.204636
0.700000 0.199110
0.712500 0.193277
0.725000 0.187146
0.737500 0.180727
0.750000 0.174029
0.762500 0.167062
0.775000 0.159838
0.787500 0.152367
0.800000 0.144662
0.812500 0.136733
0.825000 0.128594
0.837500 0.120256
0.850000 0.111733
0.862500 0.103038
0.875000 0.094184
0.887500 0.085184
0.900000 0.076053
0.912500 0.066805
0.925000 0.057454
0.937500 0.048014
0.950000 0.038501
0.962500 0.028928
0.975000 0.019310
0.987500 0.009662
1.000000 0.000000
0.000000 0.000000
0.012500 0.006807
0.025000 0.013603
0.037500 0.020378
0.050000 0.027122
0.062500 0.033825
0.075000 0.040474
0.087500 0.047062
0.100000 0.053577
0.112500 0.060009
0.125000 0.066349
0.137500 0.072587
0.150000 0.078712
0.162500 0.084716
0.175000 0.090590
0.187500 0.096324
0.200000 0.101909
0.212500 0.107338
0.225000 0.112600
0.237500 0.117690
0.250000 0.122597
0.262500 0.127316
0.275000 0.131838
0.287500 0.136157
0.300000 0.140266
0.312500 0.144159
0.325000 0.147830
0.337500 0.151272
0.350000 0.154482
0.362500 0.157453
0.375000 0.160181
0.387500 0.162662
0.400000 0.164893
0.412500 0.166869
0.425000 0.168588
0.437500 0.170047
0.450000 0.171244
0.462500 0.172177
0.475000 0.172844
0.487500 0.173245
0.500000 0.173379
0.512500 0.173245
0.525000 0.172844
0.537500 0.172177
0.550000 0.171244
0.562500 0.170047
0.575000 0.168588
0.587500 0.166869
0.600000 0.164893
0.612500 0.162662
0.625000 0.160181
0.637500 0.157453
0.650000 0.154482
0.662500 0.151272
0.675000 0.147830
0.687500 0.144159
0.700000 0.140266
0.712500 0.136157
0.725000 0.131838
0.737500 0.127316
0.750000 0.122597
0.762500 0.117690
0.775000 0.112600
0.787500 0.107338
0.800000 0.101909
0.812500 0.096324
0.825000 0.090590
0.837500 0.084716
0.850000 0.078712
0.862500 0.072587
0.875000 0.066349
0.887500 0.060009
0.900000 0.053577
0.912500 0.047062
0.925000 0.040474
0.937500 0.033825
0.950000 0.027122
0.962500 0.020378
0.975000 0.013603
0.987500 0.006807
1.000000 0.000000
0.000000 0.000000
0.012500 0.004795
0.025000 0.009583
0.037500 0.014356
0.050000 0.019107
0.062500 0.023828
0.075000 0.028513
0.087500 0.033154
0.100000 0.037743
0.112500 0.042275
0.125000 0.046741
0.137500 0.051135
0.150000 0.055450
0.162500 0.059680
0.175000 0.063818
0.187500 0.067857
0.200000 0.071792
0.212500 0.075616
0.225000 0.079323
0.237500 0.082908
0.250000 0.086366
0.262500 0.089690
0.275000 0.092876
0.287500 0.095918
0.300000 0.098813
0.312500 0.101555
0.325000 0.104141
0.337500 0.106566
0.350000 0.108827
0.362500 0.110920
0.375000 0.112842
0.387500 0.114590
0.400000 0.116161
0.412500 0.117554
0.425000 0.118765
0.437500 0.119792
0.450000 0.120636
0.462500 0.121293
0.475000 0.121763
0.487500 0.122045
0.500000 0.122139
0.512500 0.122045
0.525000 0.121763
0.537500 0.121293
0.550000 0.120636
0.562500 0.119792
0.575000 0.118765
0.587500 0.117554
0.600000 0.116161
0.612500 0.114590
0.625000 0.112842
0.637500 0.110920
0.650000 0.108827
0.662500 0.106566
0.675000 0.104141
0.687500 0.101555
0.700000 0.098813
0.712500 0.095918
0.725000 0.092876
0.737500 0.089690
0.750000 0.086366
0.762500 0.082908
0.775000 0.079323
0.787500 0.075616
0.800000 0.071792
0.812500 0.067857
0.825000 0.063818
0.837500 0.059680
0.850000 0.055450
0.862500 0.051135
0.875000 0.046741
0.887500 0.042275
0.900000 0.037743
0.912500 0.033154
0.925000 0.028513
0.937500 0.023828
0.950000 0.019107
0.962500 0.014356
0.975000 0.009583
0.987500 0.004795
1.000000 0.000000
0.000000 0.000000
0.012500 0.003378
0.025000 0.006751
0.037500 0.010113
0.050000 0.013460
0.062500 0.016786
0.075000 0.020086
0.087500 0.023356
0.100000 0.026589
0.112500 0.029781
0.125000 0.032927
0.137500 0.036023
0.150000 0.039063
0.162500 0.042042
0.175000 0.044957
0.187500 0.047803
0.200000 0.050575
0.212500 0.053269
0.225000 0.055880
0.237500 0.058406
0.250000 0.060842
0.262500 0.063183
0.275000 0.065428
0.287500 0.067571
0.300000 0.069610
0.312500 0.071542
0.325000 0.073364
0.337500 0.075072
0.350000 0.076665
0.362500 0.078139
0.375000 0.079493
0.387500 0.080725
0.400000 0.081832
0.412500 0.082813
0.425000 0.083666
0.437500 0.084390
0.450000 0.084984
0.462500 0.085447
0.475000 0.085778
0.487500 0.085977
0.500000 0.086043
0.512500 0.085977
0.525000 0.085778
0.537500 0.085447
0.550000 0.084984
0.562500 0.084390
0.575000 0.083666
0.587500 0.082813
0.600000 0.081832
0.612500 0.080725
0.625000 0.079493
0.637500 0.078139
0.650000 0.076665
0.662500 0.075072
0.675000 0.073364
0.687500 0.071542
0.700000 0.069610
0.712500 0.067571
0.725000 0.065428
0.737500 0.063183
0.750000 0.060842
0.762500 0.058406
0.775000 0.055880
0.787500 0.053269
0.800000 0.050575
0.812500 0.047803
0.825000 0.044957
0.837500 0.042042
0.850000 0.039063
0.862500 0.036023
0.875000 0.032927
0.887500 0.029781
0.900000 0.026589
0.912500 0.023356
0.925000 0.020086
0.937500 0.016786
0.950000 0.013460
0.962500 0.010113
0.975000 0.006751
0.987500 0.003378
1.000000 0.000000
0.000000 0.000000
0.012500 0.002380
0.025000 0.004756
0.037500 0.007124
0.050000 0.009482
0.062500 0.011825
0.075000 0.014150
0.087500 0.016453
0.100000 0.018731
0.112500 0.020980
0.125000 0.023196
0.137500 0.025377
0.150000 0.027518
0.162500 0.029617
0.175000 0.031671
0.187500 0.033676
0.200000 0.035628
0.212500 0.037526
0.225000 0.039366
0.237500 0.041145
0.250000 0.042861
0.262500 0.044510
0.275000 0.046092
0.287500 0.047601
0.300000 0.049038
0.312500 0.050399
0.325000 0.051682
0.337500 0.052886
0.350000 0.054008
0.362500 0.055047
0.375000 0.056000
0.387500 0.056868
0.400000 0.057648
0.412500 0.058339
0.425000 0.058940
0.437500 0.059450
0.450000 0.059868
0.462500 0.060194
0.475000 0.060428
0.487500 0.060568
0.500000 0.060614
0.512500 0.060568
0.525000 0.060428
0.537500 0.060194
0.550000 0.059868
0.562500 0.059450
0.575000 0.058940
0.587500 0.058339
0.600000 0.057648
0.612500 0.056868
0.625000 0.056000
0.637500 0.055047
0.650000 0.054008
0.662500 0.052886
0.675000 0.051682
0.687500 0.050399
0.700000 0.049038
0.712500 0.047601
0.725000 0.046092
0.737500 0.044510
0.750000 0.042861
0.762500 0.041145
0.775000 0.039366
0.787500 0.037526
0.800000 0.035628
0.812500 0.033676
0.825000 0.031671
0.837500 0.029617
0.850000 0.027518
0.862500 0.025377
0.875000 0.023196
0.887500 0.020980
0.900000 0.018731
0.912500 0.016453
0.925000 0.014150
0.937500 0.011825
0.950000 0.009482
0.962500 0.007124
0.975000 0.004756
0.987500 0.002380
1.000000 0.000000
0.000000 0.000000
0.012500 0.001676
0.025000 0.003350
0.037500 0.005019
0.050000 0.006680
0.062500 0.008331
0.075000 0.009968
0.087500 0.011591
0.100000 0.013195
0.112500 0.014779
0.125000 0.016341
0.137500 0.017877
0.150000 0.019386
0.162500 0.020864
0.175000 0.022311
0.187500 0.023723
0.200000 0.025099
0.212500 0.026436
0.225000 0.027732
0.237500 0.028985
0.250000 0.030194
0.262500 0.031356
0.275000 0.032470
0.287500 0.033534
0.300000 0.034546
0.312500 0.035504
0.325000 0.036408
0.337500 0.037256
0.350000 0.038047
0.362500 0.038778
0.375000 0.039450
0.387500 0.040061
0.400000 0.040611
0.412500 0.041098
0.425000 0.041521
0.437500 0.041880
0.450000 0.042175
0.462500 0.042405
0.475000 0.042569
0.487500 0.042668
0.500000 0.042701
0.512500 0.042668
0.525000 0.042569
0.537500 0.042405
0.550000 0.042175
0.562500 0.041880
0.575000 0.041521
0.587500 0.041098
0.600000 0.040611
0.612500 0.040061
0.625000 0.039450
0.637500 0.038778
0.650000 0.038047
0.662500 0.037256
0.675000 0.036408
0.687500 0.035504
0.700000 0.034546
0.712500 0.033534
0.725000 0.032470
0.737500 0.031356
0.750000 0.030194
0.762500 0.028985
0.775000 0.027732
0.787500 0.026436
0.800000 0.025099
0.812500 0.023723
0.825000 0.022311
0.837500 0.020864
0.850000 0.019386
0.862500 0.017877
0.875000 0.016341
0.887500 0.014779
0.900000 0.013195
0.912500 0.011591
0.925000 0.009968
0.937500 0.008331
0.950000 0.006680
0.962500 0.005019
0.975000 0.003350
0.987500 0.001676
1.000000 0.000000
0.000000 0.000000
0.012500 0.001181
0.025000 0.002360
0.037500 0.003536
0.050000 0.004706
0.062500 0.005869
0.075000 0.007022
0.087500 0.008165
0.100000 0.009296
0.112500 0.010412
0.125000 0.011512
0.137500 0.012594
0.150000 0.013657
0.162500 0.014698
0.175000 0.015717
0.187500 0.016712
0.200000 0.017681
0.212500 0.018623
0.225000 0.019536
0.237500 0.020419
0.250000 0.021271
0.262500 0.022089
0.275000 0.022874
0.287500 0.023623
0.300000 0.024336
0.312500 0.025012
0.325000 0.025648
0.337500 0.026246
0.350000 0.026803
0.362500 0.027318
0.375000 0.027791
0.387500 0.028222
0.400000 0.028609
0.412500 0.028952
0.425000 0.029250
0.437500 0.029503
0.450000 0.029711
0.462500 0.029873
0.475000 0.029989
0.487500 0.030058
0.500000 0.030081
0.512500 0.030058
0.525000 0.029989
0.537500 0.029873
0.550000 0.029711
0.562500 0.029503
0.575000 0.029250
0.587500 0.028952
0.600000 0.028609
0.612500 0.028222
0.625000 0.027791
0.637500 0.027318
0.650000 0.026803
0.662500 0.026246
0.675000 0.025648
0.687500 0.025012
0.700000 0.024336
0.712500 0.023623
0.725000 0.022874
0.737500 0.022089
0.750000 0.021271
0.762500 0.020419
0.775000 0.019536
0.787500 0.018623
0.800000 0.017681
0.812500 0.016712
0.825000 0.015717
0.837500 0.014698
0.850000 0.013657
0.862500 0.012594
0.875000 0.011512
0.887500 0.010412
0.900000 0.009296
0.912500 0.008165
0.925000 0.007022
0.937500 0.005869
0.950000 0.004706
0.962500 0.003536
0.975000 0.002360
0.987500 0.001181
1.000000 0.000000
0.000000 0.000000
0.012500 0.000832
0.025000 0.001663
0.037500 0.002491
0.050000 0.003315
0.062500 0.004134
0.075000 0.004947
0.087500 0.005752
0.100000 0.006548
0.112500 0.007335
0.125000 0.008110
0.137500 0.008872
0.150000 0.009621
0.162500 0.010354
0.175000 0.011072
0.187500 0.011773
0.200000 0.012456
0.212500 0.013119
0.225000 0.013763
0.237500 0.014385
0.250000 0.014984
0.262500 0.015561
0.275000 0.016114
0.287500 0.016642
0.300000 0.017144
0.312500 0.017620
0.325000 0.018068
0.337500 0.018489
0.350000 0.018881
0.362500 0.019245
0.375000 0.019578
0.387500 0.019881
0.400000 0.020154
0.412500 0.020396
0.425000 0.020606
0.437500 0.020784
0.450000 0.020930
0.462500 0.021044
0.475000 0.021126
0.487500 0.021175
0.500000 0.021191
0.512500 0.021175
0.525000 0.021126
0.537500 0.021044
0.550000 0.020930
0.562500 0.020784
0.575000 0.020606
0.587500 0.020396
0.600000 0.020154
0.612500 0.019881
0.625000 0.019578
0.637500 0.019245
0.650000 0.018881
0.662500 0.018489
0.675000 0.018068
0.687500 0.017620
0.700000 0.017144
0.712500 0.016642
0.725000 0.016114
0.737500 0.015561
0.750000 0.014984
0.762500 0.014385
0.775000 0.013763
0.787500 0.013119
0.800000 0.012456
0.812500 0.011773
0.825000 0.011072
0.837500 0.010354
0.850000 0.009621
0.862500 0.008872
0.875000 0.008110
0.887500 0.007335
0.900000 0.006548
0.912500 0.005752
0.925000 0.004947
0.937500 0.004134
0.950000 0.003315
0.962500 0.002491
0.975000 0.001663
0.987500 0.000832
1.000000 0.000000
0.000000 0.000000
0.012500 0.000586
0.025000 0.001171
0.037500 0.001755
0.050000 0.002335
0.062500 0.002912
0.075000 0.003485
0.087500 0.004052
0.100000 0.004613
0.112500 0.005167
0.125000 0.005713
0.137500 0.006250
0.150000 0.006777
0.162500 0.007294
0.175000 0.007800
0.187500 0.008294
0.200000 0.008775
0.212500 0.009242
0.225000 0.009695
0.237500 0.010133
0.250000 0.010556
0.262500 0.010962
0.275000 0.011352
0.287500 0.011724
0.300000 0.012077
0.312500 0.012413
0.325000 0.012729
0.337500 0.013025
0.350000 0.013301
0.362500 0.013557
0.375000 0.013792
0.387500 0.014006
0.400000 0.014198
0.412500 0.014368
0.425000 0.014516
0.437500 0.014642
0.450000 0.014745
0.462500 0.014825
0.475000 0.014882
0.487500 0.014917
0.500000 0.014928
0.512500 0.014917
0.525000 0.014882
0.537500 0.014825
0.550000 0.014745
0.562500 0.014642
0.575000 0.014516
0.587500 0.014368
0.600000 0.014198
0.612500 0.014006
0.625000 0.013792
0.637500 0.013557
0.650000 0.013301
0.662500 0.013025
0.675000 0.012729
0.687500 0.012413
0.700000 0.012077
0.712500 0.011724
0.725000 0.011352
0.737500 0.010962
0.750000 0.010556
0.762500 0.010133
0.775000 0.009695
0.787500 0.009242
0.800000 0.008775
0.812500 0.008294
0.825000 0.007800
0.837500 0.007294
0.850000 0.006777
0.862500 0.006250
0.875000 0.005713
0.887500 0.005167
0.900000 0.004613
0.912500 0.004052
0.925000 0.003485
0.937500 0.002912
0.950000 0.002335
0.962500 0.001755
0.975000 0.001171
0.987500 0.000586
1.000000 0.000000
0.000000 0.000000
0.012500 0.000413
0.025000 0.000825
0.037500 0.001236
0.050000 0.001645
0.062500 0.002052
0.075000 0.002455
0.087500 0.002855
0.100000 0.003250
0.112500 0.003640
0.125000 0.004025
0.137500 0.004403
0.150000 0.004774
0.162500 0.005139
0.175000 0.005495
0.187500 0.005843
0.200000 0.006182
0.212500 0.006511
0.225000 0.006830
0.237500 0.007139
0.250000 0.007436
0.262500 0.007723
0.275000 0.007997
0.287500 0.008259
0.300000 0.008508
0.312500 0.008744
0.325000 0.008967
0.337500 0.009176
0.350000 0.009370
0.362500 0.009551
0.375000 0.009716
0.387500 0.009867
0.400000 0.010002
0.412500 0.010122
0.425000 0.010226
0.437500 0.010315
0.450000 0.010387
0.462500 0.010444
0.475000 0.010484
0.487500 0.010508
0.500000 0.010517
0.512500 0.010508
0.525000 0.010484
0.537500 0.010444
0.550000 0.010387
0.562500 0.010315
0.575000 0.010226
0.587500 0.010122
0.600000 0.010002
0.612500 0.009867
0.625000 0.009716
0.637500 0.009551
0.650000 0.009370
0.662500 0.009176
0.675000 0.008967
0.687500 0.008744
0.700000 0.008508
0.712500 0.008259
0.725000 0.007997
0.737500 0.007723
0.750000 0.007436
0.762500 0.007139
0.775000 0.006830
0.787500 0.006511
0.800000 0.006182
0.812500 0.005843
0.825000 0.005495
0.837500 0.005139
0.850000 0.004774
0.862500 0.004403
0.875000 0.004025
0.887500 0.003640
0.900000 0.003250
0.912500 0.002855
0.925000 0.002455
0.937500 0.002052
0.950000 0.001645
0.962500 0.001236
0.975000 0.000825
0.987500 0.000413
1.000000 0.000000
0.000000 0.000000
0.012500 0.000291
0.025000 0.000581
0.037500 0.000871
0.050000 0.001159
0.062500 0.001445
0.075000 0.001730
0.087500 0.002011
0.100000 0.002289
0.112500 0.002564
0.125000 0.002835
0.137500 0.003102
0.150000 0.003363
0.162500 0.003620
0.175000 0.003871
0.187500 0.004116
0.200000 0.004355
0.212500 0.004587
0.225000 0.004811
0.237500 0.005029
0.250000 0.005239
0.262500 0.005440
0.275000 0.005634
0.287500 0.005818
0.300000 0.005994
0.312500 0.006160
0.325000 0.006317
0.337500 0.006464
0.350000 0.006601
0.362500 0.006728
0.375000 0.006845
0.387500 0.006951
0.400000 0.007046
0.412500 0.007130
0.425000 0.007204
0.437500 0.007266
0.450000 0.007317
0.462500 0.007357
0.475000 0.007386
0.487500 0.007403
0.500000 0.007409
0.512500 0.007403
0.525000 0.007386
0.537500 0.007357
0.550000 0.007317
0.562500 0.007266
0.575000 0.007204
0.587500 0.007130
0.600000 0.007046
0.612500 0.006951
0.625000 0.006845
0.637500 0.006728
0.650000 0.006601
0.662500 0.006464
0.675000 0.006317
0.687500 0.006160
0.700000 0.005994
0.712500 0.005818
0.725000 0.005634
0.737500 0.005440
0.750000 0.005239
0.762500 0.005029
0.775000 0.004811
0.787500 0.004587
0.800000 0.004355
0.812500 0.004116
0.825000 0.003871
0.837500 0.003620
0.850000 0.003363
0.862500 0.003102
0.875000 0.002835
0.887500 0.002564
0.900000 0.002289
0.912500 0.002011
0.925000 0.001730
0.937500 0.001445
0.950000 0.001159
0.962500 0.000871
0.975000 0.000581
0.987500 0.000291
1.000000 0.000000
0.000000 0.000000
0.012500 0.000205
0.025000 0.000409
0.037500 0.000613
0.050000 0.000816
0.062500 0.001018
0.075000 0.001218
0.087500 0.001417
0.100000 0.001613
0.112500 0.001806
0.125000 0.001997
0.137500 0.002185
0.150000 0.002369
0.162500 0.002550
0.175000 0.002727
0.187500 0.002900
0.200000 0.003068
0.212500 0.003231
0.225000 0.003390
0.237500 0.003543
0.250000 0.003690
0.262500 0.003833
0.275000 0.003969
0.287500 0.004099
0.300000 0.004222
0.312500 0.004340
0.325000 0.004450
0.337500 0.004554
0.350000 0.004650
0.362500 0.004740
0.375000 0.004822
0.387500 0.004897
0.400000 0.004964
0.412500 0.005023
0.425000 0.005075
0.437500 0.005119
0.450000 0.005155
0.462500 0.005183
0.475000 0.005203
0.487500 0.005215
0.500000 0.005219
0.512500 0.005215
0.525000 0.005203
0.537500 0.005183
0.550000 0.005155
0.562500 0.005119
0.575000 0.005075
0.587500 0.005023
0.600000 0.004964
0.612500 0.004897
0.625000 0.004822
0.637500 0.004740
0.650000 0.004650
0.662500 0.004554
0.675000 0.004450
0.687500 0.004340
0.700000 0.004222
0.712500 0.004099
0.725000 0.003969
0.737500 0.003833
0.750000 0.003690
0.762500 0.003543
0.775000 0.003390
0.787500 0.003231
0.800000 0.003068
0.812500 0.002900
0.825000 0.002727
0.837500 0.002550
0.850000 0.002369
0.862500 0.002185
0.875000 0.001997
0.887500 0.001806
0.900000 0.001613
0.912500 0.001417
0.925000 0.001218
0.937500 0.001018
0.950000 0.000816
0.962500 0.000613
0.975000 0.000409
0.987500 0.000205
1.000000 0.000000
0.000000 0.000000
0.012500 0.000144
0.025000 0.000288
0.037500 0.000432
0.050000 0.000575
0.062500 0.000717
0.075000 0.000858
0.087500 0.000998
0.100000 0.001136
0.112500 0.001273
0.125000 0.001407
0.137500 0.001539
0.150000 0.001669
0.162500 0.001797
0.175000 0.001921
0.187500 0.002043
0.200000 0.002161
0.212500 0.002276
0.225000 0.002388
0.237500 0.002496
0.250000 0.002600
0.262500 0.002700
0.275000 0.002796
0.287500 0.002887
0.300000 0.002974
0.312500 0.003057
0.325000 0.003135
0.337500 0.003208
0.350000 0.003276
0.362500 0.003339
0.375000 0.003397
0.387500 0.003449
0.400000 0.003497
0.412500 0.003539
0.425000 0.003575
0.437500 0.003606
0.450000 0.003631
0.462500 0.003651
0.475000 0.003665
0.487500 0.003674
0.500000 0.003677
0.512500 0.003674
0.525000 0.003665
0.537500 0.003651
0.550000 0.003631
0.562500 0.003606
0.575000 0.003575
0.587500 0.003539
0.600000 0.003497
0.612500 0.003449
0.625000 0.003397
0.637500 0.003339
0.650000 0.003276
0.662500 0.003208
0.675000 0.003135
0.687500 0.003057
0.700000 0.002974
0.712500 0.002887
0.725000 0.002796
0.737500 0.002700
0.750000 0.002600
0.762500 0.002496
0.775000 0.002388
0.787500 0.002276
0.800000 0.002161
0.812500 0.002043
0.825000 0.001921
0.837500 0.001797
0.850000 0.001669
0.862500 0.001539
0.875000 0.001407
0.887500 0.001273
0.900000 0.001136
0.912500 0.000998
0.925000 0.000858
0.937500 0.000717
0.950000 0.000575
0.962500 0.000432
0.975000 0.000288
0.987500 0.000144
1.000000 0.000000
0.000000 0.000000
0.012500 0.000102
0.025000 0.000203
0.037500 0.000304
0.050000 0.000405
0.062500 0.000505
0.075000 0.000605
0.087500 0.000703
0.100000 0.000800
0.112500 0.000896
0.125000 0.000991
0.137500 0.001084
0.150000 0.001176
0.162500 0.001266
0.175000 0.001353
0.187500 0.001439
0.200000 0.001522
0.212500 0.001604
0.225000 0.001682
0.237500 0.001758
0.250000 0.001831
0.262500 0.001902
0.275000 0.001970
0.287500 0.002034
0.300000 0.002095
0.312500 0.002154
0.325000 0.002208
0.337500 0.002260
0.350000 0.002308
0.362500 0.002352
0.375000 0.002393
0.387500 0.002430
0.400000 0.002463
0.412500 0.002493
0.425000 0.002519
0.437500 0.002540
0.450000 0.002558
0.462500 0.002572
0.475000 0.002582
0.487500 0.002588
0.500000 0.002590
0.512500 0.002588
0.525000 0.002582
0.537500 0.002572
0.550000 0.002558
0.562500 0.002540
0.575000 0.002519
0.587500 0.002493
0.600000 0.002463
0.612500 0.002430
0.625000 0.002393
0.637500 0.002352
0.650000 0.002308
0.662500 0.002260
0.675000 0.002208
0.687500 0.002154
0.700000 0.002095
0.712500 0.002034
0.725000 0.001970
0.737500 0.001902
0.750000 0.001831
0.762500 0.001758
0.775000 0.001682
0.787500 0.001604
0.800000 0.001522
0.812500 0.001439
0.825000 0.001353
0.837500 0.001266
0.850000 0.001176
0.862500 0.001084
0.875000 0.000991
0.887500 0.000896
0.900000 0.000800
0.912500 0.000703
0.925000 0.000605
0.937500 0.000505
0.950000 0.000405
0.962500 0.000304
0.975000 0.000203
0.987500 0.000102
1.000000 0.000000
0.000000 0.000000
0.012500 0.000072
0.025000 0.000143
0.037500 0.000214
0.050000 0.000285
0.062500 0.000356
0.075000 0.000426
0.087500 0.000495
0.100000 0.000564
0.112500 0.000632
0.125000 0.000698
0.137500 0.000764
0.150000 0.000828
0.162500 0.000892
0.175000 0.000953
0.187500 0.001014
0.200000 0.001072
0.212500 0.001130
0.225000 0.001185
0.237500 0.001239
0.250000 0.001290
0.262500 0.001340
0.275000 0.001387
0.287500 0.001433
0.300000 0.001476
0.312500 0.001517
0.325000 0.001556
0.337500 0.001592
0.350000 0.001626
0.362500 0.001657
0.375000 0.001686
0.387500 0.001712
0.400000 0.001735
0.412500 0.001756
0.425000 0.001774
0.437500 0.001790
0.450000 0.001802
0.462500 0.001812
0.475000 0.001819
0.487500 0.001823
0.500000 0.001825
0.512500 0.001823
0.525000 0.001819
0.537500 0.001812
0.550000 0.001802
0.562500 0.001790
0.575000 0.001774
0.587500 0.001756
0.600000 0.001735
0.612500 0.001712
0.625000 0.001686
0.637500 0.001657
0.650000 0.001626
0.662500 0.001592
0.675000 0.001556
0.687500 0.001517
0.700000 0.001476
0.712500 0.001433
0.725000 0.001387
0.737500 0.001340
0.750000 0.001290
0.762500 0.001239
0.775000 0.001185
0.787500 0.001130
0.800000 0.001072
0.812500 0.001014
0.825000 0.000953
0.837500 0.000892
0.850000 0.000828
0.862500 0.000764
0.875000 0.000698
0.887500 0.000632
0.900000 0.000564
0.912500 0.000495
0.925000 0.000426
0.937500 0.000356
0.950000 0.000285
0.962500 0.000214
0.975000 0.000143
0.987500 0.000072
1.000000 0.000000
0.000000 0.000000
0.012500 0.000050
0.025000 0.000101
0.037500 0.000151
0.050000 0.000201
0.062500 0.000251
0.075000 0.000300
0.087500 0.000349
0.100000 0.000397
0.112500 0.000445
0.125000 0.000492
0.137500 0.000538
0.150000 0.000584
0.162500 0.000628
0.175000 0.000672
0.187500 0.000714
0.200000 0.000756
0.212500 0.000796
0.225000 0.000835
0.237500 0.000873
0.250000 0.000909
0.262500 0.000944
0.275000 0.000977
0.287500 0.001009
0.300000 0.001040
0.312500 0.001069
0.325000 0.001096
0.337500 0.001121
0.350000 0.001145
0.362500 0.001167
0.375000 0.001188
0.387500 0.001206
0.400000 0.001222
0.412500 0.001237
0.425000 0.001250
0.437500 0.001261
0.450000 0.001270
0.462500 0.001276
0.475000 0.001281
0.487500 0.001284
0.500000 0.001285
0.512500 0.001284
0.525000 0.001281
0.537500 0.001276
0.550000 0.001270
0.562500 0.001261
0.575000 0.001250
0.587500 0.001237
0.600000 0.001222
0.612500 0.001206
0.625000 0.001188
0.637500 0.001167
0.650000 0.001145
0.662500 0.001121
0.675000 0.001096
0.687500 0.001069
0.700000 0.001040
0.712500 0.001009
0.725000 0.000977
0.737500 0.000944
0.750000 0.000909
0.762500 0.000873
0.775000 0.000835
0.787500 0.000796
0.800000 0.000756
0.812500 0.000714
0.825000 0.000672
0.837500 0.000628
0.850000 0.000584
0.862500 0.000538
0.875000 0.000492
0.887500 0.000445
0.900000 0.000397
0.912500 0.000349
0.925000 0.000300
0.937500 0.000251
0.950000 0.000201
0.962500 0.000151
0.975000 0.000101
0.987500 0.000050
1.000000 0.000000
0.000000 0.000000
0.012500 0.000036
0.025000 0.000071
0.037500 0.000106
0.050000 0.000142
0.062500 0.000177
0.075000 0.000211
0.087500 0.000246
0.100000 0.000280
0.112500 0.000313
0.125000 0.000347
0.137500 0.000379
0.150000 0.000411
0.162500 0.000442
0.175000 0.000473
0.187500 0.000503
0.200000 0.000532
0.212500 0.000561
0.225000 0.000588
0.237500 0.000615
0.250000 0.000640
0.262500 0.000665
0.275000 0.000689
0.287500 0.000711
0.300000 0.000733
0.312500 0.000753
0.325000 0.000772
0.337500 0.000790
0.350000 0.000807
0.362500 0.000822
0.375000 0.000837
0.387500 0.000850
0.400000 0.000861
0.412500 0.000872
0.425000 0.000880
0.437500 0.000888
0.450000 0.000894
0.462500 0.000899
0.475000 0.000903
0.487500 0.000905
0.500000 0.000906
0.512500 0.000905
0.525000 0.000903
0.537500 0.000899
0.550000 0.000894
0.562500 0.000888
0.575000 0.000880
0.587500 0.000872
0.600000 0.000861
0.612500 0.000850
0.625000 0.000837
0.637500 0.000822
0.650000 0.000807
0.662500 0.000790
0.675000 0.000772
0.687500 0.000753
0.700000 0.000733
0.712500 0.000711
0.725000 0.000689
0.737500 0.000665
0.750000 0.000640
0.762500 0.000615
0.775000 0.000588
0.787500 0.000561
0.800000 0.000532
0.812500 0.000503
0.825000 0.000473
0.837500 0.000442
0.850000 0.000411
0.862500 0.000379
0.875000 0.000347
0.887500 0.000313
0.900000 0.000280
0.912500 0.000246
0.925000 0.000211
0.937500 0.000177
0.950000 0.000142
0.962500 0.000106
0.975000 0.000071
0.987500 0.000036
1.000000 0.000000
0.000000 0.000000
0.012500 0.000025
0.025000 0.000050
0.037500 0.000075
0.050000 0.000100
0.062500 0.000124
0.075000 0.000149
0.087500 0.000173
0.100000 0.000197
0.112500 0.000221
0.125000 0.000244
0.137500 0.000267
0.150000 0.000290
0.162500 0.000312
0.175000 0.000333
0.187500 0.000354
0.200000 0.000375
0.212500 0.000395
0.225000 0.000414
0.237500 0.000433
0.250000 0.000451
0.262500 0.000468
0.275000 0.000485
0.287500 0.000501
0.300000 0.000516
0.312500 0.000530
0.325000 0.000544
0.337500 0.000557
0.350000 0.000568
0.362500 0.000579
0.375000 0.000589
0.387500 0.000598
0.400000 0.000607
0.412500 0.000614
0.425000 0.000620
0.437500 0.000626
0.450000 0.000630
0.462500 0.000633
0.475000 0.000636
0.487500 0.000637
0.500000 0.000638
0.512500 0.000637
0.525000 0.000636
0.537500 0.000633
0.550000 0.000630
0.562500 0.000626
0.575000 0.000620
0.587500 0.000614
0.600000 0.000607
0.612500 0.000598
0.625000 0.000589
0.637500 0.000579
0.650000 0.000568
0.662500 0.000557
0.675000 0.000544
0.687500 0.000530
0.700000 0.000516
0.712500 0.000501
0.725000 0.000485
0.737500 0.000468
0.750000 0.000451
0.762500 0.000433
0.775000 0.000414
0.787500 0.000395
0.800000 0.000375
0.812500 0.000354
0.825000 0.000333
0.837500 0.000312
0.850000 0.000290
0.862500 0.000267
0.875000 0.000244
0.887500 0.000221
0.900000 0.000197
0.912500 0.000173
0.925000 0.000149
0.937500 0.000124
0.950000 0.000100
0.962500 0.000075
0.975000 0.000050
0.987500 0.000025
1.000000 0.000000
0.000000 0.000000
0.012500 0.000018
0.025000 0.000035
0.037500 0.000053
0.050000 0.000070
0.062500 0.000088
0.075000 0.000105
0.087500 0.000122
0.100000 0.000139
0.112500 0.000156
0.125000 0.000172
0.137500 0.000188
0.150000 0.000204
0.162500 0.000220
0.175000 0.000235
0.187500 0.000250
0.200000 0.000264
0.212500 0.000278
0.225000 0.000292
0.237500 0.000305
0.250000 0.000318
0.262500 0.000330
0.275000 0.000342
0.287500 0.000353
0.300000 0.000364
0.312500 0.000374
0.325000 0.000383
0.337500 0.000392
0.350000 0.000400
0.362500 0.000408
0.375000 0.000415
0.387500 0.000422
0.400000 0.000427
0.412500 0.000433
0.425000 0.000437
0.437500 0.000441
0.450000 0.000444
0.462500 0.000446
0.475000 0.000448
0.487500 0.000449
0.500000 0.000449
0.512500 0.000449
0.525000 0.000448
0.537500 0.000446
0.550000 0.000444
0.562500 0.000441
0.575000 0.000437
0.587500 0.000433
0.600000 0.000427
0.612500 0.000422
0.625000 0.000415
0.637500 0.000408
0.650000 0.000400
0.662500 0.000392
0.675000 0.000383
0.687500 0.000374
0.700000 0.000364
0.712500 0.000353
0.725000 0.000342
0.737500 0.000330
0.750000 0.000318
0.762500 0.000305
0.775000 0.000292
0.787500 0.000278
0.800000 0.000264
0.812500 0.000250
0.825000 0.000235
0.837500 0.000220
0.850000 0.000204
0.862500 0.000188
0.875000 0.000172
0.887500 0.000156
0.900000 0.000139
0.912500 0.000122
0.925000 0.000105
0.937500 0.000088
0.950000 0.000070
0.962500 0.000053
0.975000 0.000035
0.987500 0.000018
1.000000 0.000000
0.000000 0.000000
0.012500 0.000012
0.025000 0.000025
0.037500 0.000037
0.050000 0.000050
0.062500 0.000062
0.075000 0.000074
0.087500 0.000086
0.100000 0.000098
0.112500 0.000110
0.125000 0.000121
0.137500 0.000133
0.150000 0.000144
0.162500 0.000155
0.175000 0.000165
0.187500 0.000176
0.200000 0.000186
0.212500 0.000196
0.225000 0.000206
0.237500 0.000215
0.250000 0.000224
0.262500 0.000232
0.275000 0.000241
0.287500 0.000249
0.300000 0.000256
0.312500 0.000263
0.325000 0.000270
0.337500 0.000276
0.350000 0.000282
0.362500 0.000287
0.375000 0.000292
0.387500 0.000297
0.400000 0.000301
0.412500 0.000305
0.425000 0.000308
0.437500 0.000310
0.450000 0.000313
0.462500 0.000314
0.475000 0.000316
0.487500 0.000316
0.500000 0.000317
0.512500 0.000316
0.525000 0.000316
0.537500 0.000314
0.550000 0.000313
0.562500 0.000310
0.575000 0.000308
0.587500 0.000305
0.600000 0.000301
0.612500 0.000297
0.625000 0.000292
0.637500 0.000287
0.650000 0.000282
0.662500 0.000276
0.675000 0.000270
0.687500 0.000263
0.700000 0.000256
0.712500 0.000249
0.725000 0.000241
0.737500 0.000232
0.750000 0.000224
0.762500 0.000215
0.775000 0.000206
0.787500 0.000196
0.800000 0.000186
0.812500 0.000176
0.825000 0.000165
0.837500 0.000155
0.850000 0.000144
0.862500 0.000133
0.875000 0.000121
0.887500 0.000110
0.900000 0.000098
0.912500 0.000086
0.925000 0.000074
0.937500 0.000062
0.950000 0.000050
0.962500 0.000037
0.975000 0.000025
0.987500 0.000012
1.000000 0.000000
0.000000 0.000000
0.012500 0.000009
0.025000 0.000017
0.037500 0.000026
0.050000 0.000035
0.062500 0.000044
0.075000 0.000052
0.087500 0.000061
0.100000 0.000069
0.112500 0.000077
0.125000 0.000085
0.137500 0.000093
0.150000 0.000101
0.162500 0.000109
0.175000 0.000117
0.187500 0.000124
0.200000 0.000131
0.212500 0.000138
0.225000 0.000145
0.237500 0.000151
0.250000 0.000158
0.262500 0.000164
0.275000 0.000170
0.287500 0.000175
0.300000 0.000180
0.312500 0.000185
0.325000 0.000190
0.337500 0.000195
0.350000 0.000199
0.362500 0.000203
0.375000 0.000206
0.387500 0.000209
0.400000 0.000212
0.412500 0.000215
0.425000 0.000217
0.437500 0.000219
0.450000 0.000220
0.462500 0.000221
0.475000 0.000222
0.487500 0.000223
0.500000 0.000223
0.512500 0.000223
0.525000 0.000222
0.537500 0.000221
0.550000 0.000220
0.562500 0.000219
0.575000 0.000217
0.587500 0.000215
0.600000 0.000212
0.612500 0.000209
0.625000 0.000206
0.637500 0.000203
0.650000 0.000199
0.662500 0.000195
0.675000 0.000190
0.687500 0.000185
0.700000 0.000180
0.712500 0.000175
0.725000 0.000170
0.737500 0.000164
0.750000 0.000158
0.762500 0.000151
0.775000 0.000145
0.787500 0.000138
0.800000 0.000131
0.812500 0.000124
0.825000 0.000117
0.837500 0.000109
0.850000 0.000101
0.862500 0.000093
0.875000 0.000085
0.887500 0.000077
0.900000 0.000069
0.912500 0.000061
0.925000 0.000052
0.937500 0.000044
0.950000 0.000035
0.962500 0.000026
0.975000 0.000017
0.987500 0.000009
1.000000 0.000000
0.000000 0.000000
0.012500 0.000006
0.025000 0.000012
0.037500 0.000018
0.050000 0.000025
0.062500 0.000031
0.075000 0.000037
0.087500 0.000043
0.100000 0.000049
0.112500 0.000054
0.125000 0.000060
0.137500 0.000066
0.150000 0.000071
0.162500 0.000077
0.175000 0.000082
0.187500 0.000087
0.200000 0.000092
0.212500 0.000097
0.225000 0.000102
0.237500 0.000107
0.250000 0.000111
0.262500 0.000115
0.275000 0.000119
0.287500 0.000123
0.300000 0.000127
0.312500 0.000131
0.325000 0.000134
0.337500 0.000137
0.350000 0.000140
0.362500 0.000143
0.375000 0.000145
0.387500 0.000147
0.400000 0.000149
0.412500 0.000151
0.425000 0.000153
0.437500 0.000154
0.450000 0.000155
0.462500 0.000156
0.475000 0.000157
0.487500 0.000157
0.500000 0.000157
0.512500 0.000157
0.525000 0.000157
0.537500 0.000156
0.550000 0.000155
0.562500 0.000154
0.575000 0.000153
0.587500 0.000151
0.600000 0.000149
0.612500 0.000147
0.625000 0.000145
0.637500 0.000143
0.650000 0.000140
0.662500 0.000137
0.675000 0.000134
0.687500 0.000131
0.700000 0.000127
0.712500 0.000123
0.725000 0.000119
0.737500 0.000115
0.750000 0.000111
0.762500 0.000107
0.775000 0.000102
0.787500 0.000097
0.800000 0.000092
0.812500 0.000087
0.825000 0.000082
0.837500 0.000077
0.850000 0.000071
0.862500 0.000066
0.875000 0.000060
0.887500 0.000054
0.900000 0.000049
0.912500 0.000043
0.925000 0.000037
0.937500 0.000031
0.950000 0.000025
0.962500 0.000018
0.975000 0.000012
0.987500 0.000006
1.000000 0.000000
0.000000 0.000000
0.012500 0.000004
0.025000 0.000009
0.037500 0.000013
0.050000 0.000017
0.062500 0.000022
0.075000 0.000026
0.087500 0.000030
0.100000 0.000034
0.112500 0.000038
0.125000 0.000042
0.137500 0.000046
0.150000 0.000050
0.162500 0.000054
0.175000 0.000058
0.187500 0.000061
0.200000 0.000065
0.212500 0.000069
0.225000 0.000072
0.237500 0.000075
0.250000 0.000078
0.262500 0.000081
0.275000 0.000084
0.287500 0.000087
0.300000 0.000090
0.312500 0.000092
0.325000 0.000094
0.337500 0.000097
0.350000 0.000099
0.362500 0.000101
0.375000 0.000102
0.387500 0.000104
0.400000 0.000105
0.412500 0.000107
0.425000 0.000108
0.437500 0.000109
0.450000 0.000109
0.462500 0.000110
0.475000 0.000110
0.487500 0.000111
0.500000 0.000111
0.512500 0.000111
0.525000 0.000110
0.537500 0.000110
0.550000 0.000109
0.562500 0.000109
0.575000 0.000108
0.587500 0.000107
0.600000 0.000105
0.612500 0.000104
0.625000 0.000102
0.637500 0.000101
0.650000 0.000099
0.662500 0.000097
0.675000 0.000094
0.687500 0.000092
0.700000 0.000090
0.712500 0.000087
0.725000 0.000084
0.737500 0.000081
0.750000 0.000078
0.762500 0.000075
0.775000 0.000072
0.787500 0.000069
0.800000 0.000065
0.812500 0.000061
0.825000 0.000058
0.837500 0.000054
0.850000 0.000050
0.862500 0.000046
0.875000 0.000042
0.887500 0.000038
0.900000 0.000034
0.912500 0.000030
0.925000 0.000026
0.937500 0.000022
0.950000 0.000017
0.962500 0.000013
0.975000 0.000009
0.987500 0.000004
1.000000 0.000000
0.000000 0.000000
0.012500 0.000003
0.025000 0.000006
0.037500 0.000009
0.050000 0.000012
0.062500 0.000015
0.075000 0.000018
0.087500 0.000021
0.100000 0.000024
0.112500 0.000027
0.125000 0.000030
0.137500 0.000033
0.150000 0.000035
0.162500 0.000038
0.175000 0.000041
0.187500 0.000043
0.200000 0.000046
0.212500 0.000048
0.225000 0.000051
0.237500 0.000053
0.250000 0.000055
0.262500 0.000057
0.275000 0.000059
0.287500 0.000061
0.300000 0.000063
0.312500 0.000065
0.325000 0.000066
0.337500 0.000068
0.350000 0.000069
0.362500 0.000071
0.375000 0.000072
0.387500 0.000073
0.400000 0.000074
0.412500 0.000075
0.425000 0.000076
0.437500 0.000076
0.450000 0.000077
0.462500 0.000077
0.475000 0.000078
0.487500 0.000078
0.500000 0.000078
0.512500 0.000078
0.525000 0.000078
0.537500 0.000077
0.550000 0.000077
0.562500 0.000076
0.575000 0.000076
0.587500 0.000075
0.600000 0.000074
0.612500 0.000073
0.625000 0.000072
0.637500 0.000071
0.650000 0.000069
0.662500 0.000068
0.675000 0.000066
0.687500 0.000065
0.700000 0.000063
0.712500 0.000061
0.725000 0.000059
0.737500 0.000057
0.750000 0.000055
0.762500 0.000053
0.775000 0.000051
0.787500 0.000048
0.800000 0.000046
0.812500 0.000043
0.825000 0.000041
0.837500 0.000038
0.850000 0.000035
0.862500 0.000033
0.875000 0.000030
0.887500 0.000027
0.900000 0.000024
0.912500 0.000021
0.925000 0.000018
0.937500 0.000015
0.950000 0.000012
0.962500 0.000009
0.975000 0.000006
0.987500 0.000003
1.000000 0.000000
0.000000 0.000000
0.012500 0.000002
0.025000 0.000004
0.037500 0.000006
0.050000 0.000009
0.062500 0.000011
0.075000 0.000013
0.087500 0.000015
0.100000 0.000017
0.112500 0.000019
0.125000 0.000021
0.137500 0.000023
0.150000 0.000025
0.162500 0.000027
0.175000 0.000029
0.187500 0.000031
0.200000 0.000032
0.212500 0.000034
0.225000 0.000036
0.237500 0.000037
0.250000 0.000039
0.262500 0.000040
0.275000 0.000042
0.287500 0.000043
0.300000 0.000044
0.312500 0.000046
0.325000 0.000047
0.337500 0.000048
0.350000 0.000049
0.362500 0.000050
0.375000 0.000051
0.387500 0.000052
0.400000 0.000052
0.412500 0.000053
0.425000 0.000053
0.437500 0.000054
0.450000 0.000054
0.462500 0.000055
0.475000 0.000055
0.487500 0.000055
0.500000 0.000055
0.512500 0.000055
0.525000 0.000055
0.537500 0.000055
0.550000 0.000054
0.562500 0.000054
0.575000 0.000053
0.587500 0.000053
0.600000 0.000052
0.612500 0.000052
0.625000 0.000051
0.637500 0.000050
0.650000 0.000049
0.662500 0.000048
0.675000 0.000047
0.687500 0.000046
0.700000 0.000044
0.712500 0.000043
0.725000 0.000042
0.737500 0.000040
0.750000 0.000039
0.762500 0.000037
0.775000 0.000036
0.787500 0.000034
0.800000 0.000032
0.812500 0.000031
0.825000 0.000029
0.837500 0.000027
0.850000 0.000025
0.862500 0.000023
0.875000 0.000021
0.887500 0.000019
0.900000 0.000017
0.912500 0.000015
0.925000 0.000013
0.937500 0.000011
0.950000 0.000009
0.962500 0.000006
0.975000 0.000004
0.987500 0.000002
1.000000 0.000000
