12.566371 0.000000
12.466371 0.000000
12.366371 0.000000
12.266371 0.000000
12.166371 0.000000
12.066371 0.000000
11.966371 0.000000
11.866371 0.000000
11.766371 0.000000
11.666371 0.000000
11.566371 0.000000
11.466371 0.000000
11.366371 0.000000
11.266371 0.000000
11.166371 0.000000
11.066371 0.000000
10.966371 0.000000
10.866371 0.000000
10.766371 0.000000
10.666371 0.000000
10.566371 0.000000
10.466371 0.000000
10.366371 0.000000
10.266371 0.000000
10.166371 0.000000
10.066371 0.000000
9.966371 0.000000
9.866371 0.000000
9.766371 0.000000
9.666371 0.000000
9.566371 0.000000
9.466371 0.000000
9.366371 0.000000
9.266371 0.000000
9.166371 0.000000
9.066371 0.000000
8.966371 0.000000
8.866371 0.000000
8.766371 0.000000
8.666371 0.000000
8.566371 0.000000
8.466371 0.000000
8.366371 0.000000
8.266371 0.000000
8.166371 0.000000
8.066371 0.000000
7.966371 0.000000
7.866371 0.000000
7.766371 0.000000
7.666371 0.000000
7.566371 0.000000
7.466371 0.000000
7.366371 0.000000
7.266371 0.000000
7.166371 0.000000
7.066371 0.000000
6.966371 0.000000
6.866371 0.000000
6.766371 0.000000
6.666371 0.000000
6.566371 0.000000
6.466371 0.000000
6.366371 0.000033
6.266371 0.007257
6.166371 0.083242
6.066371 0.267944
5.966371 0.562789
5.866371 0.967028
5.766371 1.479623
5.666371 2.099266
5.566371 2.824380
5.466371 3.653127
5.366371 4.583411
5.266371 5.612885
5.166371 6.738956
5.066371 7.958790
4.966371 9.269324
4.866371 10.667266
4.766371 12.149111
4.666371 13.711142
4.566371 15.349448
4.466371 17.059923
4.366371 18.838288
4.266371 20.680091
4.166371 22.580725
4.066371 24.535436
3.966371 26.539336
3.866371 28.587416
3.766371 30.674557
3.666371 32.795542
3.566371 34.945072
3.466371 37.117777
3.366371 39.308228
3.266371 41.510954
3.166371 43.720454
3.066371 45.931209
2.966371 48.137698
2.866371 50.334413
2.766371 52.515868
2.666371 54.676616
2.566371 56.811263
2.466371 58.914480
2.366371 60.981016
2.266371 63.005713
2.166371 64.983516
2.066371 66.909489
1.966371 68.778825
1.866371 70.586857
1.766371 72.329074
1.666371 74.001127
1.566371 75.598842
1.466371 77.118233
1.366371 78.555508
1.266371 79.907079
1.166371 81.169574
1.066371 82.339842
0.966371 83.414962
0.866371 84.392253
0.766371 85.269274
0.666371 86.043838
0.566371 86.714012
0.466371 87.278122
0.366371 87.734762
0.266371 88.082793
0.166371 88.321344
0.066371 88.449822
-0.033629 88.467906
-0.133629 88.375551
-0.233629 88.172986
-0.333629 87.860718
-0.433629 87.439526
-0.533629 86.910460
-0.633629 86.274842
-0.733629 85.534257
-0.833629 84.690552
-0.933629 83.745835
-1.033629 82.702461
-1.133629 81.563035
-1.233629 80.330401
-1.333629 79.007634
-1.433629 77.598035
-1.533629 76.105122
-1.633629 74.532621
-1.733629 72.884457
-1.833629 71.164742
-1.933629 69.377769
-2.033629 67.527998
-2.133629 65.620046
-2.233629 63.658675
-2.333629 61.648781
-2.433629 59.595381
-2.533629 57.503600
-2.633629 55.378660
-2.733629 53.225867
-2.833629 51.050594
-2.933629 48.858273
-3.033629 46.654378
-3.133629 44.444412
-3.233629 42.233893
-3.333629 40.028343
-3.433629 37.833268
-3.533629 35.654154
-3.633629 33.496442
-3.733629 31.365523
-3.833629 29.266723
-3.933629 27.205285
-4.033629 25.186362
-4.133629 23.215002
-4.233629 21.296132
-4.333629 19.434553
-4.433629 17.634920
-4.533629 15.901737
-4.633629 14.239341
-4.733629 12.651896
-4.833629 11.143378
-4.933629 9.717569
-5.033629 8.378044
-5.133629 7.128165
-5.233629 5.971071
-5.333629 4.909673
-5.433629 3.946642
-5.533629 3.084408
-5.633629 2.325148
-5.733629 1.670787
-5.833629 1.122985
-5.933629 0.683141
-6.033629 0.352382
-6.133629 0.131554
-6.233629 0.020880
-6.333629 0.000362
-6.433629 0.000000
-6.533629 0.000000
-6.633629 0.000000
-6.733629 0.000000
-6.833629 0.000000
-6.933629 0.000000
-7.033629 0.000000
-7.133629 0.000000
-7.233629 0.000000
-7.333629 0.000000
-7.433629 0.000000
-7.533629 0.000000
-7.633629 0.000000
-7.733629 0.000000
-7.833629 0.000000
-7.933629 0.000000
-8.033629 0.000000
-8.133629 0.000000
-8.233629 0.000000
-8.333629 0.000000
-8.433629 0.000000
-8.533629 0.000000
-8.633629 0.000000
-8.733629 0.000000
-8.833629 0.000000
-8.933629 0.000000
-9.033629 0.000000
-9.133629 0.000000
-9.233629 0.000000
-9.333629 0.000000
-9.433629 0.000000
-9.533629 0.000000
-9.633629 0.000000
-9.733629 0.000000
-9.833629 0.000000
-9.933629 0.000000
-10.033629 0.000000
-10.133629 0.000000
-10.233629 0.000000
-10.333629 0.000000
-10.433629 0.000000
-10.533629 0.000000
-10.633629 0.000000
-10.733629 0.000000
-10.833629 0.000000
-10.933629 0.000000
-11.033629 0.000000
-11.133629 0.000000
-11.233629 0.000000
-11.333629 0.000000
-11.433629 0.000000
-11.533629 0.000000
-11.633629 0.000000
-11.733629 0.000000
-11.833629 0.000000
-11.933629 0.000000
-12.033629 0.000000
-12.133629 0.000000
-12.233629 0.000000
-12.333629 0.000000
-12.433629 0.000000
-12.533629 0.000000
