12.566371 0.000000
12.466371 0.000000
12.366371 0.000000
12.266371 0.000000
12.166371 0.000000
12.066371 0.000000
11.966371 0.000000
11.866371 0.000000
11.766371 0.000000
11.666371 0.000000
11.566371 0.000000
11.466371 0.000000
11.366371 0.000000
11.266371 0.000000
11.166371 0.000000
11.066371 0.000000
10.966371 0.000000
10.866371 0.000000
10.766371 0.000000
10.666371 0.000000
10.566371 0.000000
10.466371 0.000000
10.366371 0.000000
10.266371 0.000000
10.166371 0.000000
10.066371 0.000000
9.966371 0.000000
9.866371 0.000000
9.766371 0.000000
9.666371 0.000000
9.566371 0.000000
9.466371 0.000000
9.366371 0.000000
9.266371 0.000000
9.166371 0.000000
9.066371 0.000000
8.966371 0.000000
8.866371 0.000000
8.766371 0.000000
8.666371 0.000000
8.566371 0.000000
8.466371 0.000000
8.366371 0.000000
8.266371 0.000000
8.166371 0.000000
8.066371 0.000000
7.966371 0.000000
7.866371 0.000000
7.766371 0.000000
7.666371 0.000000
7.566371 0.000000
7.466371 0.000000
7.366371 0.000000
7.266371 0.000000
7.166371 0.000000
7.066371 0.000000
6.966371 0.000000
6.866371 0.000000
6.766371 0.000000
6.666371 0.000000
6.566371 0.000000
6.466371 0.000000
6.366371 0.000000
6.266371 0.000471
6.166371 0.022736
6.066371 0.078271
5.966371 0.166936
5.866371 0.288511
5.766371 0.442691
5.666371 0.629091
5.566371 0.847244
5.466371 1.096607
5.366371 1.376554
5.266371 1.686388
5.166371 2.025333
5.066371 2.392542
4.966371 2.787097
4.866371 3.208013
4.766371 3.654236
4.666371 4.124652
4.566371 4.618085
4.466371 5.133302
4.366371 5.669014
4.266371 6.223883
4.166371 6.796522
4.066371 7.385500
3.966371 7.989344
3.866371 8.606546
3.766371 9.235562
3.666371 9.874820
3.566371 10.522723
3.466371 11.177651
3.366371 11.837966
3.266371 12.502020
3.166371 13.168151
3.066371 13.834695
2.966371 14.499987
2.866371 15.162362
2.766371 15.820165
2.666371 16.471753
2.566371 17.115496
2.466371 17.749786
2.366371 18.373037
2.266371 18.983691
2.166371 19.580222
2.066371 20.161140
1.966371 20.724991
1.866371 21.270367
1.766371 21.795905
1.666371 22.300291
1.566371 22.782264
1.466371 23.240619
1.366371 23.674212
1.266371 24.081957
1.166371 24.462837
1.066371 24.815899
0.966371 25.140260
0.866371 25.435110
0.766371 25.699712
0.666371 25.933405
0.566371 26.135604
0.466371 26.305804
0.366371 26.443579
0.266371 26.548586
0.166371 26.620561
0.066371 26.659326
-0.033629 26.664782
-0.133629 26.636916
-0.233629 26.575799
-0.333629 26.481582
-0.433629 26.354502
-0.533629 26.194875
-0.633629 26.003101
-0.733629 25.779660
-0.833629 25.525109
-0.933629 25.240085
-1.033629 24.925300
-1.133629 24.581541
-1.233629 24.209668
-1.333629 23.810610
-1.433629 23.385363
-1.533629 22.934992
-1.633629 22.460622
-1.733629 21.963439
-1.833629 21.444684
-1.933629 20.905656
-2.033629 20.347700
-2.133629 19.772212
-2.233629 19.180631
-2.333629 18.574434
-2.433629 17.955137
-2.533629 17.324289
-2.633629 16.683464
-2.733629 16.034267
-2.833629 15.378318
-2.933629 14.717258
-3.033629 14.052739
-3.133629 13.386422
-3.233629 12.719972
-3.333629 12.055055
-3.433629 11.393333
-3.533629 10.736460
-3.633629 10.086078
-3.733629 9.443812
-3.833629 8.811268
-3.933629 8.190027
-4.033629 7.581642
-4.133629 6.987633
-4.233629 6.409485
-4.333629 5.848642
-4.433629 5.306508
-4.533629 4.784436
-4.633629 4.283733
-4.733629 3.805648
-4.833629 3.351378
-4.933629 2.922057
-5.033629 2.518760
-5.133629 2.142493
-5.233629 1.794197
-5.333629 1.474743
-5.433629 1.184930
-5.533629 0.925481
-5.633629 0.697045
-5.733629 0.500194
-5.833629 0.335418
-5.933629 0.203131
-6.033629 0.103662
-6.133629 0.037261
-6.233629 0.004093
-6.333629 0.000000
-6.433629 0.000000
-6.533629 0.000000
-6.633629 0.000000
-6.733629 0.000000
-6.833629 0.000000
-6.933629 0.000000
-7.033629 0.000000
-7.133629 0.000000
-7.233629 0.000000
-7.333629 0.000000
-7.433629 0.000000
-7.533629 0.000000
-7.633629 0.000000
-7.733629 0.000000
-7.833629 0.000000
-7.933629 0.000000
-8.033629 0.000000
-8.133629 0.000000
-8.233629 0.000000
-8.333629 0.000000
-8.433629 0.000000
-8.533629 0.000000
-8.633629 0.000000
-8.733629 0.000000
-8.833629 0.000000
-8.933629 0.000000
-9.033629 0.000000
-9.133629 0.000000
-9.233629 0.000000
-9.333629 0.000000
-9.433629 0.000000
-9.533629 0.000000
-9.633629 0.000000
-9.733629 0.000000
-9.833629 0.000000
-9.933629 0.000000
-10.033629 0.000000
-10.133629 0.000000
-10.233629 0.000000
-10.333629 0.000000
-10.433629 0.000000
-10.533629 0.000000
-10.633629 0.000000
-10.733629 0.000000
-10.833629 0.000000
-10.933629 0.000000
-11.033629 0.000000
-11.133629 0.000000
-11.233629 0.000000
-11.333629 0.000000
-11.433629 0.000000
-11.533629 0.000000
-11.633629 0.000000
-11.733629 0.000000
-11.833629 0.000000
-11.933629 0.000000
-12.033629 0.000000
-12.133629 0.000000
-12.233629 0.000000
-12.333629 0.000000
-12.433629 0.000000
-12.533629 0.000000
